1	1.177	8.797
3	5	4.103
2	1.398	2.678
1	1.177	8.798
2	1.399	2.678
3	5	4.104
1	1.176	8.8
2	1.397	2.677
3	5	4.104
1	1.174	8.802
2	1.394	2.677
3	5	4.104
1	1.172	8.805
2	1.391	2.678
3	5	4.105
1	1.171	8.805
3	5	4.106
2	1.387	2.678
1	1.169	8.806
3	5	4.104
2	1.384	2.676
1	1.168	8.807
2	1.381	2.676
3	5	4.103
1	1.167	8.807
2	1.38	2.675
3	5	4.104
1	1.167	8.808
3	5	4.105
2	1.382	2.676
1	1.169	8.81
2	1.381	2.677
3	5	4.105
1	1.17	8.812
2	1.38	2.675
3	5	4.106
1	1.171	8.814
2	1.383	2.676
3	5	4.106
1	1.171	8.815
2	1.385	2.676
3	5	4.106
1	1.171	8.816
2	1.385	2.675
3	5	4.107
1	1.171	8.817
3	5	4.106
2	1.385	2.675
1	1.173	8.818
2	1.385	2.675
3	5	4.106
1	1.175	8.82
3	5	4.106
2	1.387	2.674
1	1.176	8.822
3	5	4.107
2	1.385	2.673
1	1.178	8.823
2	1.385	2.674
3	5	4.108
1	1.179	8.825
2	1.385	2.675
3	5	4.11
1	1.177	8.826
2	1.383	2.674
3	5	4.109
1	1.174	8.826
2	1.382	2.674
3	5	4.109
1	1.174	8.83
2	1.381	2.675
3	5	4.109
1	1.173	8.831
2	1.381	2.675
3	5	4.109
1	1.172	8.831
2	1.382	2.674
3	5	4.11
1	1.171	8.831
2	1.382	2.674
3	5	4.11
1	1.169	8.831
3	5	4.11
2	1.384	2.674
1	1.167	8.83
2	1.385	2.674
3	5	4.11
1	1.165	8.83
2	1.384	2.674
3	5	4.109
1	1.164	8.829
2	1.384	2.674
3	5	4.108
1	1.163	8.828
3	5	4.108
2	1.385	2.674
1	1.163	8.828
2	1.386	2.674
3	5	4.108
1	1.163	8.828
2	1.386	2.675
3	5	4.108
1	1.164	8.83
2	1.387	2.676
3	5	4.108
2	1.388	2.677
3	5	4.109
1	1.164	8.832
1	1.164	8.838
2	1.388	2.678
3	5	4.111
1	1.163	8.84
2	1.388	2.678
3	5	4.112
1	1.162	8.841
2	1.389	2.679
3	5	4.113
1	1.161	8.843
2	1.387	2.679
3	5	4.113
1	1.16	8.844
2	1.387	2.677
3	5	4.114
1	1.159	8.843
2	1.386	2.677
3	5	4.114
1	1.158	8.843
2	1.385	2.675
3	5	4.116
1	1.158	8.842
2	1.385	2.676
3	5	4.117
1	1.158	8.842
2	1.385	2.676
3	5	4.119
1	1.159	8.843
2	1.386	2.676
3	5	4.12
1	1.16	8.843
3	5	4.12
2	1.386	2.677
1	1.16	8.845
3	5	4.122
2	1.386	2.677
1	1.161	8.847
2	1.388	2.678
3	5	4.123
1	1.16	8.85
3	5	4.123
2	1.387	2.676
1	1.161	8.851
2	1.386	2.675
3	5	4.122
1	1.161	8.853
3	5	4.123
2	1.387	2.677
1	1.16	8.854
2	1.387	2.677
3	5	4.123
1	1.161	8.853
2	1.387	2.676
3	5	4.123
1	1.162	8.854
2	1.389	2.677
3	5	4.124
1	1.162	8.856
2	1.388	2.679
3	5	4.126
1	1.162	8.859
3	5	4.126
2	1.388	2.68
1	1.163	8.86
2	1.389	2.681
3	5	4.127
1	1.165	8.862
2	1.388	2.681
3	5	4.128
1	1.165	8.863
2	1.389	2.681
3	5	4.126
1	1.167	8.865
2	1.388	2.681
3	5	4.127
1	1.168	8.866
2	1.388	2.681
3	5	4.127
1	1.169	8.867
3	5	4.126
2	1.392	2.68
1	1.171	8.867
2	1.394	2.68
3	5	4.125
1	1.172	8.868
2	1.396	2.679
3	5	4.125
1	1.174	8.867
2	1.397	2.679
3	5	4.125
1	1.172	8.863
2	1.398	2.679
3	5	4.125
1	1.174	8.864
2	1.399	2.68
3	5	4.126
1	1.176	8.866
2	1.4	2.681
3	5	4.126
1	1.179	8.867
2	1.401	2.682
3	5	4.125
1	1.179	8.867
2	1.403	2.683
3	5	4.125
1	1.179	8.867
3	5	4.124
2	1.403	2.683
1	1.179	8.867
3	5	4.123
2	1.401	2.683
1	1.179	8.867
3	5	4.121
2	1.4	2.681
1	1.178	8.867
2	1.4	2.681
3	5	4.119
1	1.178	8.866
2	1.399	2.681
3	5	4.117
1	1.177	8.866
2	1.397	2.681
3	5	4.117
2	1.397	2.681
1	1.174	8.863
3	5	4.115
1	1.173	8.86
3	5	4.112
2	1.396	2.68
1	1.172	8.857
2	1.397	2.681
3	5	4.113
1	1.171	8.853
2	1.398	2.68
3	5	4.112
1	1.172	8.849
2	1.399	2.679
3	5	4.111
1	1.172	8.846
2	1.401	2.679
3	5	4.111
1	1.173	8.845
3	5	4.111
2	1.403	2.679
1	1.173	8.844
2	1.401	2.678
3	5	4.109
1	1.173	8.844
2	1.403	2.678
3	5	4.108
1	1.174	8.843
2	1.403	2.678
3	5	4.107
1	1.175	8.842
2	1.405	2.679
3	5	4.107
1	1.175	8.841
3	5	4.107
2	1.406	2.678
1	1.176	8.841
3	5	4.108
2	1.407	2.679
1	1.175	8.839
2	1.407	2.679
3	5	4.108
1	1.174	8.837
3	5	4.11
2	1.406	2.679
2	1.404	2.679
1	1.174	8.835
3	5	4.11
1	1.174	8.836
3	5	4.112
2	1.403	2.68
1	1.173	8.836
2	1.401	2.68
3	5	4.112
1	1.171	8.837
2	1.402	2.68
3	5	4.113
1	1.174	8.838
2	1.403	2.68
3	5	4.112
1	1.174	8.836
2	1.402	2.679
3	5	4.112
1	1.173	8.835
2	1.402	2.678
3	5	4.111
1	1.171	8.834
2	1.401	2.678
3	5	4.111
1	1.172	8.832
3	5	4.11
2	1.4	2.677
1	1.172	8.83
2	1.399	2.676
3	5	4.11
1	1.173	8.829
2	1.397	2.676
3	5	4.109
1	1.173	8.827
2	1.397	2.677
3	5	4.108
1	1.173	8.825
2	1.396	2.677
3	5	4.109
1	1.175	8.824
2	1.396	2.676
3	5	4.109
1	1.176	8.822
3	5	4.107
2	1.397	2.675
1	1.179	8.821
3	5	4.107
2	1.396	2.675
1	1.179	8.819
3	5	4.107
2	1.395	2.674
1	1.179	8.818
2	1.395	2.673
3	5	4.104
1	1.182	8.819
2	1.395	2.672
3	5	4.104
1	1.183	8.82
3	5	4.105
2	1.394	2.673
1	1.185	8.82
3	5	4.106
2	1.393	2.673
1	1.185	8.821
3	5	4.105
2	1.392	2.671
1	1.185	8.821
2	1.391	2.671
3	5	4.104
1	1.186	8.822
2	1.391	2.671
3	5	4.105
1	1.189	8.823
2	1.391	2.673
3	5	4.107
1	1.189	8.823
2	1.389	2.673
3	5	4.107
1	1.188	8.823
2	1.388	2.673
3	5	4.109
1	1.188	8.823
2	1.386	2.673
3	5	4.108
1	1.19	8.823
2	1.389	2.674
3	5	4.109
1	1.19	8.824
2	1.391	2.673
3	5	4.109
1	1.19	8.823
2	1.392	2.672
3	5	4.11
1	1.192	8.823
3	5	4.106
2	1.392	2.671
1	1.195	8.824
2	1.393	2.672
3	5	4.105
1	1.197	8.824
2	1.392	2.672
3	5	4.104
1	1.195	8.821
2	1.392	2.672
3	5	4.104
1	1.196	8.821
2	1.393	2.672
3	5	4.104
1	1.197	8.822
3	5	4.105
2	1.393	2.674
1	1.197	8.823
2	1.393	2.673
3	5	4.104
1	1.197	8.825
3	5	4.105
2	1.394	2.674
1	1.196	8.828
3	5	4.107
2	1.396	2.676
1	1.196	8.831
3	5	4.108
2	1.399	2.677
1	1.197	8.832
3	5	4.109
2	1.401	2.679
1	1.197	8.834
2	1.402	2.68
3	5	4.11
1	1.194	8.835
2	1.402	2.68
3	5	4.11
1	1.194	8.837
2	1.403	2.679
3	5	4.112
1	1.193	8.839
2	1.404	2.678
3	5	4.113
1	1.195	8.842
2	1.405	2.678
3	5	4.113
2	1.405	2.679
1	1.196	8.845
3	5	4.116
1	1.195	8.846
2	1.406	2.681
3	5	4.117
1	1.193	8.847
3	5	4.116
2	1.408	2.68
1	1.191	8.847
2	1.409	2.681
3	5	4.115
1	1.19	8.847
2	1.41	2.682
3	5	4.116
1	1.189	8.847
2	1.411	2.682
3	5	4.118
1	1.188	8.846
3	5	4.118
2	1.411	2.682
1	1.184	8.846
3	5	4.117
2	1.411	2.681
1	1.183	8.846
2	1.411	2.68
3	5	4.116
1	1.182	8.846
2	1.412	2.681
3	5	4.116
1	1.179	8.847
3	5	4.117
2	1.412	2.681
1	1.176	8.847
3	5	4.116
2	1.406	2.681
1	1.174	8.847
3	5	4.114
2	1.409	2.688
1	1.173	8.849
3	5	4.114
2	1.414	2.698
1	1.169	8.848
2	1.418	2.715
3	5	4.115
1	1.165	8.847
2	1.457	2.752
3	5	4.116
1	1.161	8.846
3	5	4.117
2	1.462	2.778
1	1.163	8.845
2	1.465	2.808
3	5	4.118
2	1.465	2.808
1	1.163	8.845
3	5	4.118
1	1.161	8.844
2	1.469	2.849
3	5	4.118
2	1.471	2.891
1	1.162	8.844
3	5	4.119
2	1.468	2.935
3	5	4.119
1	1.162	8.843
1	1.164	8.842
2	1.464	2.981
3	5	4.118
1	1.163	8.841
2	1.458	3.03
3	5	4.118
1	1.16	8.84
2	1.456	3.086
3	5	4.118
1	1.159	8.839
2	1.453	3.146
3	5	4.118
1	1.163	8.838
3	5	4.118
2	1.452	3.209
1	1.163	8.837
3	5	4.116
2	1.451	3.276
1	1.162	8.836
3	5	4.116
2	1.449	3.347
1	1.161	8.834
2	1.447	3.421
3	5	4.115
1	1.161	8.832
2	1.442	3.5
3	5	4.115
1	1.16	8.831
2	1.436	3.581
3	5	4.114
1	1.161	8.831
2	1.423	3.668
3	5	4.116
2	1.412	3.759
1	1.16	8.832
3	5	4.116
1	1.16	8.834
3	5	4.115
2	1.399	3.852
1	1.159	8.832
2	1.386	3.952
3	5	4.115
1	1.158	8.83
2	1.374	4.054
3	5	4.115
1	1.16	8.829
2	1.358	4.163
3	5	4.114
1	1.163	8.829
2	1.342	4.274
3	5	4.114
1	1.165	8.829
2	1.325	4.39
3	5	4.114
1	1.17	8.828
2	1.307	4.508
3	5	4.114
1	1.174	8.83
2	1.293	4.629
3	5	4.114
1	1.177	8.832
2	1.269	4.752
3	5	4.112
1	1.181	8.833
2	1.242	4.875
3	5	4.112
1	1.185	8.837
3	5	4.112
2	1.216	4.991
1	1.195	8.848
2	1.15	5.092
3	5	4.11
1	1.203	8.858
2	1.122	5.211
3	5	4.108
2	1.096	5.328
1	1.217	8.886
3	5	4.108
1	1.227	8.907
3	5	4.108
2	1.083	5.385
1	1.236	8.92
2	1.057	5.497
3	5	4.108
1	1.24	8.922
2	1.031	5.607
3	5	4.108
1	1.241	8.923
3	5	4.108
2	1.01	5.719
1	1.239	8.915
2	0.997	5.831
3	5	4.109
1	1.237	8.907
2	0.984	5.95
3	5	4.108
1	1.237	8.9
2	0.967	6.063
3	5	4.108
1	1.236	8.892
3	5	4.107
2	0.946	6.216
1	1.231	8.885
3	5	4.108
2	0.934	6.4
1	1.228	8.878
3	5	4.107
2	0.917	6.548
1	1.227	8.872
2	0.903	6.672
3	5	4.107
1	1.227	8.868
2	0.89	6.794
3	5	4.108
1	1.228	8.867
2	0.881	6.91
3	5	4.108
1	1.239	8.892
2	0.877	7.025
3	5	4.108
1	1.239	8.894
2	0.88	7.139
3	5	4.106
1	1.245	8.902
2	0.884	7.25
3	5	4.105
1	1.247	8.91
2	0.891	7.361
3	5	4.105
1	1.247	8.903
2	0.9	7.466
3	5	4.105
1	1.254	8.916
3	5	4.105
2	0.909	7.571
1	1.261	8.928
3	5	4.105
2	0.925	7.668
2	0.939	7.764
1	1.267	8.934
3	5	4.104
1	1.274	8.932
2	0.956	7.853
3	5	4.103
1	1.271	8.934
3	5	4.102
2	0.979	7.94
1	1.271	8.935
2	1.002	8.023
3	5	4.102
1	1.285	8.947
2	1.025	8.098
3	5	4.103
1	1.309	8.96
2	1.054	8.165
3	5	4.103
1	1.331	8.972
2	1.087	8.233
3	5	4.105
1	1.35	8.981
2	1.12	8.291
3	5	4.107
1	1.375	8.993
2	1.153	8.342
3	5	4.109
1	1.397	8.995
2	1.187	8.391
3	5	4.108
1	1.428	8.996
2	1.226	8.434
3	5	4.108
1	1.467	9.003
3	5	4.108
2	1.271	8.468
1	1.52	9.023
2	1.318	8.499
3	5	4.106
2	1.368	8.528
1	1.58	9.043
3	5	4.106
1	1.647	9.07
2	1.415	8.549
3	5	4.106
1	1.724	9.095
2	1.467	8.562
3	5	4.107
1	1.803	9.12
3	5	4.108
2	1.525	8.571
1	1.886	9.14
2	1.587	8.531
3	5	4.109
1	1.97	9.161
3	5	4.108
2	1.64	8.454
1	2.057	9.18
2	1.702	8.409
3	5	4.108
1	2.151	9.195
3	5	4.107
2	1.761	8.385
1	2.246	9.198
2	1.822	8.359
3	5	4.108
1	2.34	9.199
2	1.885	8.334
3	5	4.109
1	2.432	9.168
3	5	4.11
2	1.946	8.307
1	2.537	9.152
2	2.008	8.272
3	5	4.111
1	2.638	9.123
2	2.066	8.236
3	5	4.112
1	2.743	9.091
2	2.124	8.196
3	5	4.113
1	2.851	9.072
2	2.183	8.154
3	5	4.113
1	2.955	9.023
2	2.243	8.106
3	5	4.113
1	3.053	8.97
2	2.299	8.057
3	5	4.113
1	3.152	8.917
2	2.358	8.004
3	5	4.113
1	3.251	8.872
2	2.417	7.951
3	5	4.113
1	3.36	8.815
2	2.469	7.893
3	5	4.113
1	3.467	8.757
2	2.522	7.831
3	5	4.114
1	3.562	8.683
2	2.58	7.767
3	5	4.114
1	3.641	8.601
2	2.634	7.706
3	5	4.116
1	3.722	8.516
3	5	4.115
2	2.688	7.64
1	3.803	8.422
2	2.745	7.574
3	5	4.115
1	3.878	8.319
2	2.804	7.505
3	5	4.115
1	3.945	8.211
2	2.858	7.432
3	5	4.117
1	4.008	8.097
2	2.909	7.358
3	5	4.116
1	4.063	7.984
2	2.959	7.285
3	5	4.116
1	4.112	7.867
2	3.002	7.212
3	5	4.116
1	4.154	7.749
2	3.04	7.133
3	5	4.115
1	4.194	7.628
3	5	4.116
2	3.077	7.054
1	4.222	7.506
2	3.11	6.969
3	5	4.115
1	4.25	7.381
2	3.135	6.886
3	5	4.115
1	4.274	7.257
2	3.164	6.807
3	5	4.115
1	4.298	7.129
2	3.19	6.728
3	5	4.116
1	4.317	6.997
3	5	4.118
2	3.213	6.645
1	4.332	6.865
2	3.234	6.558
3	5	4.118
1	4.347	6.739
2	3.258	6.469
3	5	4.117
1	4.363	6.611
2	3.278	6.377
3	5	4.114
1	4.37	6.482
2	3.296	6.281
3	5	4.112
1	4.377	6.358
2	3.312	6.187
3	5	4.109
1	4.383	6.239
3	5	4.109
2	3.33	6.09
1	4.387	6.118
2	3.343	5.99
3	5	4.109
1	4.392	6.001
2	3.354	5.888
3	5	4.107
1	4.392	5.889
2	3.365	5.783
3	5	4.106
1	4.39	5.779
2	3.375	5.681
3	5	4.107
1	4.394	5.672
2	3.385	5.578
3	5	4.108
1	4.396	5.564
2	3.396	5.473
3	5	4.11
1	4.398	5.458
2	3.409	5.37
3	5	4.11
1	4.402	5.351
2	3.419	5.268
3	5	4.109
1	4.407	5.246
2	3.428	5.166
3	5	4.109
1	4.417	5.145
2	3.436	5.063
3	5	4.108
1	4.426	5.047
2	3.444	4.96
3	5	4.107
1	4.433	4.95
2	3.45	4.858
3	5	4.106
2	3.457	4.759
1	4.439	4.857
3	5	4.106
1	4.449	4.765
2	3.47	4.66
3	5	4.104
1	4.457	4.676
2	3.483	4.562
3	5	4.11
1	4.466	4.59
3	5	4.111
2	3.497	4.464
1	4.475	4.504
3	5	4.11
2	3.514	4.366
1	4.485	4.417
2	3.533	4.27
3	5	4.11
1	4.495	4.331
3	5	4.109
2	3.555	4.177
1	4.506	4.246
2	3.577	4.085
3	5	4.106
1	4.52	4.161
3	5	4.104
2	3.602	3.994
1	4.533	4.075
2	3.623	3.902
3	5	4.101
1	4.548	3.987
2	3.648	3.811
3	5	4.099
1	4.565	3.901
2	3.677	3.721
3	5	4.097
1	4.587	3.814
2	3.707	3.633
3	5	4.097
1	4.604	3.727
2	3.734	3.544
3	5	4.097
1	4.62	3.636
2	3.764	3.457
3	5	4.097
1	4.636	3.55
3	5	4.098
2	3.792	3.371
1	4.652	3.46
3	5	4.1
2	3.821	3.284
1	4.668	3.367
2	3.85	3.198
3	5	4.099
1	4.685	3.28
2	3.882	3.112
3	5	4.1
2	3.915	3.028
3	5	4.102
1	4.701	3.186
1	4.719	3.093
3	5	4.103
2	3.946	2.948
1	4.741	2.997
2	3.979	2.867
3	5	4.103
1	4.759	2.9
2	4.01	2.789
3	5	4.102
1	4.778	2.8
3	5	4.103
2	4.04	2.71
1	4.795	2.698
2	4.07	2.631
3	5	4.103
1	4.811	2.597
2	4.099	2.554
3	5	4.104
1	4.822	2.493
2	4.128	2.478
3	5	4.104
1	4.834	2.39
2	4.159	2.398
3	5	4.105
1	4.847	2.285
2	4.187	2.321
3	5	4.105
1	4.861	2.184
2	4.213	2.244
3	5	4.104
1	4.874	2.077
2	4.233	2.166
3	5	4.103
1	4.888	1.972
2	4.25	2.089
3	5	4.102
1	4.9	1.866
2	4.265	2.012
3	5	4.097
1	4.906	1.757
2	4.275	1.938
3	5	4.096
1	4.909	1.648
2	4.284	1.866
3	5	4.096
1	4.91	1.537
3	5	4.096
2	4.29	1.795
1	4.909	1.429
2	4.29	1.723
3	5	4.096
1	4.902	1.319
3	5	4.099
2	4.288	1.651
1	4.887	1.211
2	4.283	1.58
3	5	4.099
1	4.868	1.11
2	4.272	1.51
3	5	4.1
1	4.838	1.016
2	4.255	1.444
3	5	4.101
1	4.806	0.924
2	4.231	1.381
3	5	4.102
1	4.767	0.831
3	5	4.102
2	4.206	1.316
1	4.726	0.741
2	4.178	1.256
3	5	4.103
1	4.683	0.652
2	4.148	1.2
3	5	4.104
1	4.629	0.572
2	4.115	1.149
3	5	4.106
1	4.572	0.494
2	4.08	1.102
3	5	4.107
1	4.513	0.418
2	4.046	1.059
3	5	4.108
1	4.449	0.341
2	4.01	1.019
3	5	4.106
2	3.973	0.983
1	4.383	0.274
3	5	4.105
1	4.308	0.214
2	3.935	0.948
3	5	4.104
1	4.232	0.159
2	3.894	0.917
3	5	4.104
1	4.155	0.108
2	3.853	0.889
3	5	4.103
1	4.076	0.062
2	3.812	0.867
3	5	4.103
1	3.996	0.023
2	3.773	0.85
3	5	4.103
1	3.913	-0.009
2	3.734	0.838
3	5	4.104
1	3.827	-0.035
2	3.696	0.826
3	5	4.104
1	3.742	-0.059
2	3.651	0.821
3	5	4.104
1	3.656	-0.081
3	5	4.104
2	3.608	0.816
1	3.568	-0.103
3	5	4.105
2	3.566	0.816
1	3.481	-0.12
2	3.525	0.817
3	5	4.106
1	3.393	-0.135
2	3.485	0.822
3	5	4.106
1	3.304	-0.146
2	3.442	0.828
3	5	4.106
1	3.218	-0.152
3	5	4.105
2	3.4	0.836
1	3.133	-0.155
3	5	4.107
2	3.355	0.843
1	3.045	-0.156
2	3.309	0.852
3	5	4.106
1	2.954	-0.156
3	5	4.106
2	3.262	0.858
1	2.865	-0.155
3	5	4.108
2	3.211	0.866
1	2.772	-0.154
2	3.164	0.874
3	5	4.108
1	2.678	-0.159
2	3.119	0.882
3	5	4.109
1	2.592	-0.166
2	3.074	0.885
3	5	4.109
1	2.505	-0.174
2	3.028	0.89
3	5	4.109
1	2.418	-0.178
3	5	4.109
2	2.977	0.895
1	2.329	-0.179
2	2.928	0.9
3	5	4.11
1	2.244	-0.177
2	2.88	0.907
3	5	4.111
1	2.168	-0.181
2	2.831	0.91
3	5	4.111
1	2.092	-0.179
2	2.782	0.913
3	5	4.112
1	2.016	-0.173
2	2.731	0.914
3	5	4.113
1	1.943	-0.166
2	2.674	0.913
3	5	4.114
1	1.865	-0.158
3	5	4.115
2	2.617	0.915
1	1.792	-0.155
2	2.56	0.913
3	5	4.115
1	1.716	-0.15
2	2.505	0.911
3	5	4.116
1	1.641	-0.143
3	5	4.117
2	2.446	0.909
1	1.568	-0.134
2	2.386	0.906
3	5	4.117
1	1.489	-0.12
2	2.322	0.901
3	5	4.118
2	2.258	0.894
1	1.412	-0.107
3	5	4.116
2	2.191	0.886
1	1.335	-0.093
3	5	4.116
1	1.258	-0.08
3	5	4.116
2	2.122	0.878
1	1.179	-0.061
2	2.055	0.871
3	5	4.117
1	1.103	-0.041
2	1.984	0.86
3	5	4.117
1	1.028	-0.02
3	5	4.115
2	1.913	0.85
1	0.955	0.004
3	5	4.115
2	1.84	0.843
1	0.883	0.035
3	5	4.116
2	1.77	0.838
1	0.816	0.065
2	1.701	0.834
3	5	4.117
1	0.752	0.095
2	1.635	0.831
3	5	4.115
1	0.693	0.132
2	1.576	0.831
3	5	4.115
1	0.638	0.171
2	1.518	0.839
3	5	4.115
1	0.588	0.219
3	5	4.115
2	1.467	0.849
1	0.544	0.269
2	1.415	0.865
3	5	4.117
1	0.509	0.327
2	1.365	0.884
3	5	4.117
1	0.474	0.387
2	1.32	0.908
3	5	4.118
1	0.443	0.455
3	5	4.118
2	1.277	0.937
1	0.411	0.525
2	1.239	0.969
3	5	4.118
1	0.384	0.598
2	1.206	1
3	5	4.117
1	0.356	0.675
3	5	4.116
2	1.173	1.033
1	0.331	0.756
2	1.142	1.07
3	5	4.117
1	0.31	0.84
2	1.116	1.108
3	5	4.116
1	0.291	0.923
2	1.093	1.147
3	5	4.115
1	0.276	1.007
2	1.077	1.191
3	5	4.113
1	0.272	1.093
3	5	4.114
2	1.061	1.236
1	0.273	1.181
2	1.049	1.286
3	5	4.112
1	0.282	1.27
2	1.042	1.338
3	5	4.111
1	0.285	1.359
2	1.037	1.392
3	5	4.111
1	0.291	1.449
2	1.032	1.446
3	5	4.111
1	0.305	1.534
2	1.03	1.504
3	5	4.11
1	0.32	1.62
3	5	4.11
2	1.034	1.563
1	0.338	1.705
3	5	4.111
2	1.042	1.624
1	0.359	1.792
2	1.055	1.688
3	5	4.112
1	0.383	1.879
2	1.069	1.753
3	5	4.112
1	0.405	1.967
3	5	4.113
2	1.088	1.825
1	0.429	2.057
2	1.108	1.899
3	5	4.115
1	0.453	2.144
2	1.13	1.973
3	5	4.117
1	0.48	2.227
2	1.153	2.047
3	5	4.116
1	0.504	2.311
2	1.179	2.122
3	5	4.116
1	0.529	2.397
2	1.209	2.204
3	5	4.116
1	0.553	2.481
2	1.237	2.285
3	5	4.117
1	0.582	2.566
2	1.267	2.367
3	5	4.117
1	0.609	2.646
2	1.296	2.451
3	5	4.116
1	0.636	2.729
2	1.327	2.535
3	5	4.114
1	0.662	2.81
2	1.358	2.621
3	5	4.114
1	0.689	2.893
2	1.388	2.707
3	5	4.115
1	0.718	2.977
2	1.422	2.792
3	5	4.114
1	0.746	3.06
2	1.456	2.878
3	5	4.114
1	0.774	3.142
2	1.487	2.967
3	5	4.115
1	0.802	3.223
2	1.518	3.055
3	5	4.115
1	0.826	3.303
2	1.549	3.144
3	5	4.115
1	0.847	3.383
2	1.574	3.235
3	5	4.114
1	0.869	3.465
2	1.601	3.326
3	5	4.114
1	0.89	3.547
3	5	4.114
2	1.626	3.421
1	0.908	3.628
2	1.652	3.514
3	5	4.115
1	0.921	3.712
2	1.674	3.61
3	5	4.118
1	0.931	3.795
3	5	4.119
2	1.692	3.704
1	0.945	3.877
2	1.71	3.8
3	5	4.119
1	0.955	3.956
3	5	4.118
2	1.723	3.9
1	0.963	4.036
2	1.731	4
3	5	4.117
1	0.968	4.114
3	5	4.117
2	1.728	4.106
1	0.972	4.191
2	1.722	4.214
3	5	4.115
1	0.972	4.265
2	1.708	4.32
3	5	4.114
1	0.972	4.337
2	1.69	4.428
3	5	4.112
1	0.971	4.406
2	1.662	4.537
3	5	4.11
1	0.97	4.471
2	1.631	4.644
3	5	4.108
1	0.967	4.538
2	1.598	4.746
3	5	4.108
1	0.97	4.605
2	1.564	4.847
3	5	4.109
1	0.974	4.671
3	5	4.109
2	1.528	4.945
1	0.978	4.738
3	5	4.111
2	1.485	5.039
1	0.982	4.804
2	1.438	5.133
3	5	4.111
1	0.983	4.869
2	1.386	5.22
3	5	4.11
1	0.984	4.933
2	1.335	5.303
3	5	4.11
1	0.989	4.992
2	1.283	5.383
3	5	4.11
1	0.995	5.05
3	5	4.11
2	1.231	5.46
1	1	5.103
2	1.179	5.532
3	5	4.109
1	1.01	5.152
2	1.13	5.604
3	5	4.109
1	1.023	5.202
2	1.079	5.673
3	5	4.108
1	1.039	5.247
2	1.025	5.737
3	5	4.109
1	1.061	5.29
2	0.971	5.797
3	5	4.109
1	1.086	5.333
2	0.919	5.853
3	5	4.108
1	1.117	5.369
2	0.867	5.906
3	5	4.108
1	1.15	5.4
3	5	4.108
2	0.814	5.956
1	1.18	5.426
2	0.76	6
3	5	4.108
1	1.216	5.448
2	0.707	6.04
3	5	4.105
1	1.255	5.466
2	0.656	6.077
3	5	4.103
1	1.296	5.481
2	0.605	6.113
3	5	4.101
1	1.345	5.492
3	5	4.1
2	0.558	6.141
1	1.398	5.504
2	0.515	6.166
3	5	4.101
1	1.456	5.512
2	0.477	6.186
3	5	4.101
1	1.519	5.517
2	0.444	6.201
3	5	4.101
1	1.583	5.52
2	0.412	6.21
3	5	4.101
1	1.654	5.521
2	0.386	6.221
3	5	4.101
1	1.73	5.52
2	0.363	6.228
3	5	4.103
1	1.807	5.518
2	0.348	6.228
3	5	4.104
1	1.893	5.515
2	0.338	6.229
3	5	4.105
1	1.983	5.506
2	0.33	6.232
3	5	4.105
1	2.066	5.496
2	0.322	6.234
3	5	4.104
1	2.154	5.484
3	5	4.104
2	0.315	6.236
1	2.243	5.466
3	5	4.104
2	0.311	6.236
1	2.333	5.446
2	0.309	6.232
3	5	4.102
1	2.429	5.426
2	0.311	6.234
3	5	4.104
1	2.532	5.403
2	0.313	6.235
3	5	4.105
1	2.632	5.384
2	0.313	6.234
3	5	4.105
2	0.313	6.232
3	5	4.104
1	2.731	5.361
1	2.83	5.341
2	0.313	6.234
3	5	4.105
1	2.93	5.317
2	0.309	6.232
3	5	4.105
1	3.028	5.293
2	0.307	6.23
3	5	4.104
1	3.118	5.268
2	0.306	6.23
3	5	4.103
1	3.203	5.243
2	0.305	6.229
3	5	4.103
1	3.286	5.216
2	0.303	6.23
3	5	4.103
1	3.366	5.19
2	0.305	6.23
3	5	4.105
1	3.445	5.165
3	5	4.107
2	0.307	6.231
1	3.53	5.144
3	5	4.11
2	0.311	6.232
1	3.608	5.122
2	0.313	6.235
3	5	4.11
1	3.685	5.103
3	5	4.113
2	0.316	6.237
1	3.762	5.084
2	0.318	6.238
3	4.999	4.118
1	3.83	5.07
3	4.994	4.127
2	0.316	6.239
1	3.895	5.057
2	0.316	6.238
3	4.976	4.147
1	3.955	5.049
2	0.314	6.238
3	4.96	4.165
1	4.01	5.044
2	0.313	6.239
3	4.958	4.187
1	4.064	5.042
2	0.314	6.242
3	4.955	4.212
1	4.113	5.042
2	0.317	6.241
3	4.95	4.242
1	4.154	5.045
2	0.319	6.241
3	4.947	4.275
1	4.194	5.053
3	4.942	4.312
2	0.32	6.241
1	4.227	5.064
2	0.319	6.242
3	4.937	4.352
1	4.252	5.078
2	0.32	6.242
3	4.933	4.397
1	4.277	5.096
3	4.932	4.446
2	0.32	6.242
1	4.295	5.121
3	4.932	4.501
2	0.321	6.243
1	4.311	5.147
2	0.322	6.244
3	4.932	4.564
1	4.327	5.179
2	0.323	6.248
3	4.932	4.633
1	4.335	5.211
2	0.324	6.247
3	4.93	4.701
1	4.336	5.247
2	0.323	6.247
3	4.927	4.772
1	4.336	5.285
2	0.325	6.247
3	4.923	4.847
1	4.331	5.327
2	0.324	6.247
3	4.919	4.926
1	4.327	5.374
2	0.325	6.247
3	4.919	4.926
1	4.318	5.429
2	0.327	6.248
3	4.91	5.041
1	4.308	5.484
2	0.328	6.25
3	4.903	5.132
1	4.299	5.545
2	0.33	6.25
3	4.897	5.225
1	4.288	5.605
2	0.331	6.249
3	4.889	5.324
1	4.276	5.668
3	4.881	5.427
2	0.33	6.25
1	4.263	5.739
2	0.327	6.249
3	4.881	5.535
1	4.254	5.817
3	4.881	5.646
2	0.324	6.25
1	4.24	5.896
2	0.321	6.25
3	4.881	5.763
1	4.227	5.979
3	4.881	5.763
2	0.318	6.25
1	4.214	6.064
3	4.876	5.957
2	0.316	6.252
1	4.198	6.152
3	4.876	5.957
2	0.315	6.253
1	4.183	6.239
3	4.875	6.162
2	0.315	6.254
1	4.164	6.325
2	0.315	6.255
3	4.895	6.295
1	4.148	6.415
2	0.315	6.256
3	4.911	6.43
1	4.132	6.505
3	4.909	6.568
2	0.314	6.257
1	4.122	6.608
3	4.909	6.568
2	0.311	6.257
1	4.106	6.698
2	0.309	6.258
3	4.903	6.778
1	4.088	6.787
2	0.306	6.258
3	4.886	6.92
1	4.069	6.873
2	0.305	6.257
3	4.862	7.062
1	4.047	6.963
2	0.305	6.257
3	4.822	7.214
1	4.026	7.05
2	0.306	6.258
3	4.79	7.359
1	4.003	7.136
3	4.753	7.501
2	0.306	6.258
1	3.971	7.212
2	0.306	6.258
3	4.716	7.634
1	3.939	7.288
2	0.306	6.258
3	4.677	7.755
1	3.904	7.36
3	4.628	7.873
2	0.306	6.257
1	3.867	7.435
2	0.304	6.257
3	4.589	7.983
1	3.823	7.506
2	0.305	6.257
3	4.527	8.1
1	3.778	7.573
2	0.305	6.258
3	4.465	8.214
1	3.737	7.641
2	0.308	6.26
3	4.407	8.319
1	3.69	7.704
3	4.371	8.382
2	0.309	6.258
1	3.644	7.76
2	0.309	6.259
3	4.3	8.49
1	3.593	7.812
2	0.308	6.259
3	4.225	8.596
1	3.54	7.855
3	4.136	8.684
2	0.307	6.26
1	3.483	7.895
2	0.309	6.26
3	4.046	8.764
1	3.426	7.933
2	0.312	6.26
3	3.951	8.84
1	3.366	7.962
2	0.312	6.261
3	3.842	8.91
1	3.301	7.984
2	0.311	6.261
3	3.728	8.974
1	3.233	8.006
2	0.311	6.261
3	3.608	9.028
1	3.166	8.023
2	0.316	6.261
3	3.539	9.018
1	3.096	8.033
2	0.318	6.256
3	3.417	9.049
1	3.027	8.038
2	0.32	6.254
3	3.349	9.045
1	2.957	8.04
3	3.226	9.066
2	0.321	6.252
2	0.323	6.252
3	3.097	9.077
1	2.89	8.038
1	2.822	8.031
2	0.324	6.249
3	2.965	9.084
1	2.756	8.017
2	0.329	6.247
3	2.834	9.076
1	2.683	7.982
2	0.333	6.245
3	2.775	9.046
1	2.613	7.962
2	0.335	6.245
3	2.648	9.02
1	2.547	7.941
2	0.336	6.245
3	2.524	8.987
1	2.484	7.917
2	0.336	6.246
3	2.407	8.943
1	2.427	7.886
2	0.337	6.247
3	2.301	8.874
1	2.37	7.853
2	0.336	6.246
3	2.191	8.805
1	2.316	7.812
2	0.337	6.245
3	2.081	8.731
2	0.339	6.245
3	1.974	8.655
1	2.316	7.812
1	2.255	7.752
2	0.327	6.242
3	1.868	8.576
1	2.219	7.704
2	0.321	6.243
3	1.774	8.493
1	2.186	7.646
2	0.32	6.24
3	1.671	8.409
1	2.158	7.59
2	0.31	6.238
3	1.591	8.315
1	2.132	7.53
2	0.307	6.238
3	1.513	8.216
1	2.109	7.464
2	0.303	6.238
3	1.434	8.115
1	2.088	7.398
2	0.302	6.239
3	1.352	7.983
1	2.066	7.33
2	0.3	6.239
3	1.289	7.865
1	2.045	7.258
2	0.298	6.238
3	1.233	7.739
1	2.03	7.187
2	0.294	6.237
3	1.19	7.624
1	2.025	7.118
2	0.293	6.237
3	1.151	7.506
1	2.021	7.044
2	0.292	6.238
3	1.12	7.388
1	2.018	6.967
2	0.295	6.238
3	1.094	7.265
1	2.015	6.886
2	0.297	6.238
3	1.07	7.14
1	2.019	6.798
2	0.297	6.236
3	1.051	7.017
1	2.024	6.706
2	0.292	6.235
3	1.036	6.899
1	2.032	6.612
2	0.292	6.237
3	1.026	6.778
1	2.041	6.517
2	0.293	6.238
3	1.021	6.652
1	2.05	6.42
2	0.294	6.24
3	1.018	6.526
1	2.059	6.321
2	0.294	6.24
3	1.018	6.401
1	2.069	6.222
2	0.292	6.242
3	1.022	6.276
1	2.076	6.124
2	0.287	6.244
3	1.027	6.157
1	2.079	6.027
2	0.284	6.245
3	1.033	6.037
1	2.088	5.926
2	0.282	6.246
3	1.045	5.92
2	0.28	6.247
3	1.061	5.808
1	2.096	5.82
1	2.102	5.715
2	0.279	6.247
3	1.078	5.698
1	2.108	5.607
2	0.277	6.249
3	1.098	5.598
1	2.113	5.499
2	0.275	6.249
3	1.114	5.495
1	2.119	5.394
2	0.271	6.252
3	1.131	5.395
1	2.118	5.342
2	0.266	6.254
3	1.141	5.296
1	2.107	5.247
2	0.273	6.258
3	1.153	5.196
1	2.104	5.145
2	0.275	6.259
3	1.165	5.094
1	2.1	5.048
2	0.268	6.268
3	1.175	4.996
1	2.099	4.944
2	0.275	6.272
3	1.186	4.893
1	2.099	4.842
2	0.276	6.273
3	1.196	4.791
1	2.099	4.741
2	0.276	6.274
3	1.205	4.692
1	2.098	4.638
2	0.276	6.273
3	1.217	4.594
1	2.102	4.536
2	0.276	6.272
3	1.228	4.492
1	2.108	4.44
2	0.278	6.273
3	1.238	4.394
1	2.114	4.342
2	0.281	6.274
3	1.248	4.299
1	2.123	4.247
3	1.256	4.205
2	0.28	6.277
2	0.279	6.278
3	1.263	4.108
1	2.131	4.155
1	2.142	4.067
2	0.277	6.278
3	1.275	4.01
1	2.153	3.985
2	0.274	6.28
3	1.299	3.916
1	2.161	3.905
2	0.275	6.282
3	1.324	3.82
1	2.17	3.835
2	0.277	6.284
3	1.359	3.725
1	2.178	3.77
3	1.398	3.63
2	0.277	6.284
1	2.188	3.711
3	1.438	3.537
2	0.272	6.284
1	2.189	3.654
2	0.27	6.285
3	1.482	3.452
1	2.19	3.597
2	0.269	6.285
3	1.527	3.372
1	2.19	3.543
2	0.272	6.284
3	1.574	3.3
1	2.186	3.495
2	0.274	6.284
3	1.62	3.234
1	2.183	3.452
3	1.667	3.175
2	0.274	6.284
1	2.18	3.413
2	0.275	6.284
3	1.712	3.125
1	2.172	3.38
2	0.279	6.284
3	1.752	3.079
2	0.282	6.283
3	1.791	3.039
1	2.163	3.351
1	2.151	3.33
2	0.284	6.281
3	1.832	3.007
1	2.139	3.315
2	0.286	6.28
3	1.872	2.981
1	2.124	3.306
2	0.288	6.279
3	1.914	2.959
1	2.109	3.302
2	0.291	6.277
3	1.957	2.942
1	2.094	3.302
2	0.295	6.276
3	1.999	2.933
1	2.08	3.31
2	0.295	6.276
3	2.041	2.933
1	2.067	3.321
2	0.299	6.269
3	2.087	2.94
1	2.057	3.341
3	2.128	2.956
2	0.298	6.272
1	2.044	3.365
2	0.296	6.275
3	2.169	2.976
1	2.031	3.393
2	0.295	6.277
3	2.21	3
1	2.026	3.427
3	2.249	3.031
2	0.293	6.28
1	2.019	3.466
2	0.291	6.281
3	2.287	3.066
1	2.015	3.507
2	0.29	6.279
3	2.325	3.104
1	2.015	3.557
2	0.289	6.277
3	2.364	3.146
1	2.015	3.609
3	2.405	3.189
2	0.291	6.276
1	2.018	3.664
2	0.293	6.275
3	2.446	3.236
1	2.022	3.722
3	2.483	3.29
2	0.295	6.274
1	2.032	3.782
2	0.298	6.272
3	2.513	3.347
1	2.043	3.842
2	0.3	6.271
3	2.543	3.403
1	2.056	3.899
2	0.297	6.269
3	2.569	3.463
1	2.073	3.959
2	0.297	6.269
3	2.591	3.527
2	0.295	6.271
1	2.088	4.013
3	2.614	3.591
1	2.12	4.07
2	0.294	6.271
3	2.639	3.654
1	2.154	4.132
2	0.294	6.272
3	2.667	3.716
1	2.195	4.192
2	0.29	6.271
3	2.695	3.776
1	2.242	4.25
2	0.287	6.269
3	2.724	3.832
1	2.294	4.308
2	0.287	6.268
3	2.758	3.887
1	2.351	4.37
2	0.288	6.267
3	2.798	3.937
1	2.418	4.431
3	2.848	3.988
2	0.288	6.266
1	2.488	4.489
2	0.287	6.266
3	2.9	4.036
1	2.564	4.548
3	2.952	4.081
2	0.29	6.263
2	0.294	6.261
1	2.644	4.604
3	3.013	4.125
1	2.724	4.659
2	0.295	6.259
3	3.072	4.166
1	2.802	4.712
2	0.294	6.26
3	3.135	4.209
1	2.884	4.764
3	3.2	4.25
2	0.293	6.258
1	2.884	4.764
2	0.293	6.258
3	3.2	4.25
1	2.884	4.764
2	0.293	6.258
3	3.2	4.25
1	3.067	4.874
2	0.301	6.251
3	3.33	4.333
1	3.146	4.933
2	0.303	6.247
3	3.414	4.38
1	3.23	4.988
2	0.306	6.242
3	3.497	4.429
1	3.318	5.04
2	0.31	6.237
3	3.582	4.478
1	3.402	5.093
2	0.315	6.235
3	3.671	4.536
1	3.484	5.146
2	0.316	6.237
3	3.759	4.59
1	3.568	5.195
2	0.317	6.238
3	3.836	4.654
1	3.644	5.246
2	0.315	6.238
3	3.92	4.717
1	3.717	5.297
3	4.001	4.783
2	0.314	6.238
1	3.787	5.346
3	4.083	4.853
2	0.315	6.238
2	0.314	6.238
1	3.849	5.398
3	4.158	4.929
1	3.914	5.453
3	4.233	5.013
2	0.313	6.239
1	3.977	5.512
3	4.301	5.1
2	0.312	6.241
1	4.036	5.567
3	4.366	5.186
2	0.311	6.24
1	4.094	5.628
3	4.429	5.27
2	0.311	6.239
1	4.147	5.691
2	0.313	6.237
3	4.489	5.355
1	4.197	5.757
2	0.313	6.237
3	4.544	5.443
1	4.241	5.826
2	0.318	6.238
3	4.598	5.531
1	4.288	5.897
3	4.651	5.619
2	0.322	6.24
1	4.333	5.974
2	0.322	6.24
3	4.7	5.715
1	4.373	6.052
2	0.322	6.24
3	4.743	5.807
1	4.411	6.134
2	0.322	6.24
3	4.78	5.9
1	4.442	6.219
2	0.322	6.24
3	4.817	5.992
1	4.468	6.305
3	4.853	6.09
2	0.318	6.243
1	4.488	6.387
3	4.879	6.194
2	0.314	6.245
1	4.507	6.475
2	0.312	6.246
3	4.907	6.298
1	4.528	6.559
3	4.93	6.403
2	0.314	6.245
1	4.543	6.647
2	0.315	6.246
3	4.951	6.51
1	4.542	6.686
2	0.315	6.245
3	4.953	6.558
1	4.542	6.725
2	0.316	6.244
3	4.953	6.558
1	4.546	6.806
3	4.963	6.667
2	0.315	6.243
1	4.565	6.882
3	4.969	6.772
2	0.315	6.245
1	4.576	6.961
3	4.975	6.88
2	0.314	6.247
1	4.577	7.041
2	0.312	6.248
3	4.979	6.985
1	4.574	7.117
2	0.31	6.248
3	4.971	7.092
1	4.567	7.196
3	4.962	7.2
2	0.31	6.25
1	4.554	7.272
2	0.31	6.249
3	4.961	7.299
1	4.541	7.348
3	4.947	7.406
2	0.31	6.248
1	4.529	7.419
2	0.31	6.246
3	4.934	7.514
1	4.517	7.491
3	4.921	7.62
2	0.311	6.246
1	4.493	7.558
3	4.894	7.746
2	0.311	6.246
1	4.462	7.626
3	4.859	7.834
2	0.312	6.245
1	4.43	7.692
2	0.313	6.245
3	4.824	7.922
1	4.402	7.757
2	0.313	6.246
3	4.789	8.013
1	4.366	7.818
2	0.313	6.245
3	4.752	8.106
1	4.327	7.875
2	0.312	6.247
3	4.713	8.2
1	4.29	7.929
2	0.311	6.247
3	4.668	8.287
1	4.25	7.98
2	0.307	6.247
3	4.619	8.368
1	4.2	8.022
2	0.306	6.244
3	4.565	8.445
1	4.143	8.054
2	0.305	6.244
3	4.502	8.512
1	4.08	8.082
2	0.304	6.245
3	4.438	8.584
1	4.01	8.103
2	0.304	6.244
3	4.372	8.651
1	3.94	8.119
2	0.304	6.243
3	4.297	8.716
1	3.866	8.133
2	0.304	6.244
3	4.219	8.774
1	3.796	8.146
2	0.304	6.245
3	4.14	8.824
1	3.726	8.157
2	0.303	6.244
3	4.054	8.865
1	3.651	8.169
2	0.301	6.243
3	3.959	8.903
1	3.575	8.169
3	3.861	8.935
2	0.304	6.241
1	3.496	8.17
3	3.752	8.964
2	0.303	6.243
1	3.411	8.17
2	0.302	6.245
3	3.686	8.955
1	3.326	8.168
2	0.303	6.246
3	3.574	8.969
1	3.241	8.16
2	0.303	6.244
3	3.461	8.977
1	3.155	8.147
3	3.343	8.977
2	0.304	6.242
1	3.155	8.147
2	0.304	6.242
3	3.343	8.977
1	3.155	8.147
2	0.304	6.242
3	3.343	8.977
1	2.98	8.122
2	0.306	6.242
3	3.108	8.994
1	2.885	8.094
3	2.98	8.976
2	0.308	6.242
1	2.789	8.062
3	2.852	8.942
2	0.309	6.242
1	2.694	8.03
2	0.31	6.242
3	2.718	8.902
1	2.598	7.994
2	0.31	6.243
3	2.583	8.854
1	2.512	7.955
2	0.31	6.241
3	2.459	8.771
1	2.432	7.909
3	2.336	8.718
2	0.311	6.24
1	2.352	7.863
3	2.214	8.66
2	0.314	6.241
1	2.28	7.806
2	0.317	6.238
3	2.089	8.586
1	2.213	7.75
2	0.32	6.238
3	1.967	8.507
1	2.146	7.691
3	1.842	8.422
2	0.319	6.239
1	2.085	7.623
3	1.722	8.336
2	0.317	6.241
1	2.016	7.557
2	0.326	6.243
3	1.608	8.249
1	1.956	7.495
3	1.5	8.164
2	0.334	6.245
1	1.903	7.431
3	1.401	8.073
2	0.315	6.243
1	1.856	7.368
3	1.306	7.979
2	0.311	6.245
1	1.812	7.305
3	1.213	7.878
2	0.305	6.245
1	1.77	7.241
2	0.302	6.247
3	1.128	7.773
1	1.732	7.175
2	0.3	6.245
3	1.044	7.665
1	1.695	7.105
3	0.965	7.552
2	0.299	6.243
1	1.664	7.033
2	0.299	6.242
3	0.906	7.448
1	1.637	6.96
3	0.851	7.334
2	0.298	6.243
1	1.616	6.892
2	0.295	6.244
3	0.804	7.218
1	1.598	6.817
2	0.293	6.24
3	0.768	7.097
1	1.588	6.74
2	0.293	6.239
3	0.737	6.973
1	1.584	6.661
2	0.29	6.241
3	0.713	6.849
1	1.579	6.581
2	0.287	6.243
3	0.694	6.728
1	1.581	6.5
3	0.681	6.605
2	0.285	6.243
1	1.593	6.462
3	0.695	6.548
2	0.283	6.246
1	1.608	6.424
2	0.281	6.249
3	0.714	6.491
1	1.622	6.348
3	0.716	6.37
2	0.279	6.248
1	1.643	6.274
3	0.725	6.253
2	0.277	6.248
1	1.666	6.2
2	0.274	6.249
3	0.743	6.138
1	1.69	6.127
2	0.272	6.249
3	0.769	6.02
1	1.714	6.054
3	0.8	5.906
2	0.271	6.247
1	1.742	5.983
2	0.269	6.248
3	0.844	5.798
1	1.769	5.914
2	0.266	6.251
3	0.894	5.689
1	1.804	5.845
2	0.263	6.25
3	0.949	5.584
1	1.826	5.785
2	0.261	6.251
3	1.014	5.487
1	1.857	5.724
3	1.079	5.39
2	0.258	6.253
1	1.895	5.667
2	0.261	6.253
3	1.149	5.298
1	1.928	5.616
2	0.261	6.252
3	1.222	5.207
1	1.979	5.56
2	0.251	6.249
3	1.299	5.121
1	2.03	5.509
2	0.245	6.248
3	1.381	5.036
1	2.085	5.461
3	1.461	4.954
2	0.264	6.251
2	0.269	6.249
3	1.544	4.875
1	2.139	5.412
1	2.193	5.365
2	0.273	6.249
3	1.632	4.8
1	2.254	5.318
2	0.276	6.249
3	1.724	4.73
1	2.319	5.276
2	0.277	6.249
3	1.825	4.665
1	2.383	5.236
3	1.929	4.606
2	0.279	6.251
1	2.445	5.198
2	0.281	6.254
3	2.021	4.55
1	2.508	5.164
2	0.285	6.254
3	2.12	4.503
1	2.572	5.135
3	2.22	4.46
2	0.287	6.254
2	0.288	6.257
1	2.637	5.114
3	2.321	4.423
1	2.702	5.095
2	0.287	6.259
3	2.426	4.393
1	2.769	5.08
2	0.289	6.257
3	2.528	4.367
2	0.289	6.257
1	2.837	5.067
3	2.629	4.344
1	2.902	5.061
2	0.291	6.258
3	2.732	4.329
1	2.967	5.059
2	0.294	6.256
3	2.839	4.315
1	3.028	5.063
2	0.295	6.252
3	2.943	4.31
1	3.081	5.076
2	0.297	6.253
3	3.049	4.311
1	3.144	5.086
2	0.298	6.253
3	3.156	4.317
1	3.208	5.094
2	0.299	6.254
3	3.265	4.331
1	3.276	5.103
3	3.371	4.354
2	0.299	6.255
1	3.346	5.118
2	0.3	6.255
3	3.474	4.383
1	3.417	5.135
2	0.301	6.254
3	3.572	4.416
1	3.485	5.158
3	3.672	4.457
2	0.301	6.252
1	3.548	5.185
3	3.766	4.501
2	0.304	6.252
1	3.611	5.216
2	0.305	6.252
3	3.855	4.55
1	3.669	5.252
2	0.306	6.251
3	3.941	4.605
1	3.721	5.291
2	0.306	6.25
3	4.013	4.675
1	3.771	5.335
2	0.308	6.25
3	4.096	4.738
1	3.813	5.382
2	0.31	6.25
3	4.173	4.81
1	3.859	5.43
2	0.31	6.251
3	4.245	4.887
1	3.901	5.479
2	0.311	6.249
3	4.312	4.979
1	3.94	5.53
2	0.309	6.25
3	4.379	5.065
1	3.979	5.586
2	0.309	6.25
3	4.379	5.065
1	4.018	5.646
2	0.309	6.25
3	4.379	5.065
2	0.311	6.251
3	4.379	5.065
1	4.05	5.706
1	4.081	5.774
2	0.312	6.252
3	4.552	5.292
1	4.108	5.84
2	0.31	6.252
3	4.602	5.403
1	4.131	5.908
2	0.308	6.251
3	4.651	5.518
1	4.152	5.98
2	0.309	6.252
3	4.694	5.631
2	0.31	6.25
1	4.173	6.055
3	4.736	5.75
1	4.188	6.13
3	4.772	5.866
2	0.312	6.248
1	4.198	6.209
2	0.312	6.25
3	4.805	5.988
1	4.207	6.292
3	4.837	6.112
2	0.314	6.249
1	4.216	6.37
3	4.866	6.238
2	0.314	6.248
1	4.224	6.447
2	0.314	6.247
3	4.889	6.371
1	4.231	6.523
3	4.913	6.565
2	0.314	6.247
1	4.239	6.588
3	4.932	6.759
2	0.312	6.246
1	4.235	6.662
2	0.313	6.244
3	4.945	6.949
1	4.229	6.742
2	0.315	6.243
3	4.952	7.103
1	4.217	6.818
2	0.315	6.243
3	4.934	7.253
1	4.198	6.89
3	4.92	7.394
2	0.316	6.242
1	4.173	6.96
2	0.317	6.243
3	4.9	7.526
1	4.147	7.026
2	0.318	6.244
3	4.865	7.649
1	4.115	7.084
2	0.315	6.243
3	4.832	7.771
1	4.081	7.141
2	0.313	6.243
3	4.794	7.891
1	4.041	7.194
2	0.313	6.244
3	4.75	8.008
1	4.002	7.242
2	0.311	6.244
3	4.71	8.106
1	3.964	7.289
3	4.649	8.214
2	0.311	6.245
1	3.925	7.336
2	0.31	6.247
3	4.58	8.307
1	3.879	7.379
2	0.309	6.247
3	4.504	8.393
1	3.834	7.419
3	4.426	8.461
2	0.308	6.248
1	3.787	7.456
3	4.336	8.533
2	0.309	6.247
1	3.741	7.49
2	0.311	6.248
3	4.267	8.533
1	3.69	7.519
2	0.314	6.248
3	4.199	8.529
1	3.639	7.546
3	4.134	8.521
2	0.312	6.249
1	3.585	7.564
2	0.311	6.247
3	4.042	8.561
1	3.533	7.58
2	0.312	6.246
3	3.944	8.593
1	3.482	7.591
2	0.31	6.247
3	3.843	8.618
1	3.427	7.591
3	3.739	8.637
2	0.306	6.243
1	3.372	7.588
3	3.631	8.649
2	0.303	6.243
1	3.317	7.579
2	0.298	6.242
3	3.521	8.653
1	3.263	7.562
3	3.413	8.645
2	0.293	6.238
1	3.209	7.539
2	0.29	6.236
3	3.299	8.631
1	3.156	7.513
2	0.288	6.236
3	3.184	8.608
1	3.112	7.48
2	0.286	6.234
3	3.07	8.569
1	3.06	7.445
3	2.954	8.467
2	0.285	6.233
1	3.013	7.409
2	0.286	6.233
3	2.834	8.358
1	2.966	7.37
2	0.285	6.233
3	2.715	8.245
1	2.926	7.322
2	0.284	6.232
3	2.597	8.154
1	2.883	7.277
2	0.284	6.23
3	2.498	8.062
1	2.841	7.23
2	0.282	6.231
3	2.397	7.969
1	2.805	7.181
2	0.281	6.233
3	2.3	7.879
1	2.773	7.128
2	0.28	6.232
3	2.214	7.788
1	2.746	7.075
3	2.129	7.691
2	0.28	6.23
1	2.721	7.019
3	2.049	7.589
2	0.281	6.23
1	2.699	6.963
2	0.282	6.23
3	1.975	7.483
2	0.284	6.228
3	1.908	7.374
1	2.677	6.903
1	2.654	6.839
2	0.283	6.224
3	1.848	7.26
1	2.634	6.773
2	0.285	6.221
3	1.795	7.148
1	2.617	6.706
2	0.285	6.22
3	1.746	7.034
1	2.601	6.637
2	0.284	6.22
3	1.704	6.922
1	2.588	6.569
2	0.283	6.224
3	1.671	6.81
1	2.574	6.497
2	0.283	6.224
3	1.644	6.699
1	2.574	6.497
2	0.283	6.224
3	1.644	6.699
1	2.554	6.38
2	0.281	6.223
3	1.599	6.529
1	2.549	6.3
2	0.281	6.223
3	1.582	6.416
1	2.546	6.217
2	0.281	6.225
3	1.567	6.306
1	2.545	6.132
2	0.283	6.225
3	1.557	6.194
1	2.547	6.047
3	1.55	6.087
2	0.286	6.227
1	2.549	5.961
2	0.289	6.226
3	1.547	5.982
1	2.551	5.874
2	0.292	6.229
3	1.546	5.881
2	0.298	6.232
3	1.543	5.782
1	2.553	5.787
1	2.552	5.702
2	0.299	6.236
3	1.538	5.681
1	2.55	5.619
3	1.536	5.583
2	0.301	6.238
1	2.536	5.541
2	0.301	6.242
3	1.535	5.49
1	2.532	5.459
2	0.301	6.244
3	1.537	5.398
1	2.53	5.377
2	0.301	6.247
3	1.542	5.308
1	2.526	5.293
2	0.3	6.25
3	1.545	5.219
1	2.514	5.209
2	0.299	6.253
3	1.547	5.133
1	2.51	5.122
2	0.3	6.256
3	1.55	5.047
1	2.509	5.036
2	0.3	6.256
3	1.55	4.96
1	2.502	4.949
2	0.298	6.257
3	1.548	4.873
1	2.495	4.863
2	0.296	6.26
3	1.546	4.786
1	2.488	4.779
2	0.295	6.263
3	1.541	4.702
1	2.48	4.694
2	0.293	6.266
3	1.535	4.618
1	2.48	4.694
2	0.293	6.266
3	1.535	4.618
1	2.478	4.563
3	1.529	4.484
2	0.288	6.273
1	2.475	4.479
3	1.526	4.393
2	0.283	6.279
1	2.467	4.396
3	1.521	4.306
2	0.278	6.286
1	2.46	4.315
3	1.52	4.22
2	0.274	6.289
1	2.453	4.236
3	1.519	4.133
2	0.27	6.292
1	2.449	4.154
2	0.266	6.291
3	1.522	4.046
1	2.446	4.073
3	1.524	3.959
2	0.261	6.294
1	2.45	4.04
2	0.261	6.295
3	1.532	3.915
1	2.45	3.969
2	0.258	6.297
3	1.539	3.831
1	2.45	3.9
3	1.549	3.75
2	0.256	6.297
1	2.45	3.836
2	0.253	6.298
3	1.562	3.666
1	2.449	3.778
2	0.25	6.3
3	1.574	3.586
1	2.45	3.724
2	0.246	6.302
3	1.587	3.504
1	2.446	3.67
2	0.242	6.305
3	1.606	3.421
1	2.441	3.62
2	0.244	6.305
3	1.636	3.336
1	2.435	3.575
2	0.245	6.303
3	1.669	3.257
1	2.426	3.529
3	1.71	3.185
2	0.245	6.302
1	2.41	3.486
2	0.245	6.302
3	1.75	3.12
1	2.397	3.446
2	0.245	6.302
3	1.791	3.063
1	2.382	3.409
2	0.246	6.304
3	1.829	3.012
2	0.247	6.304
1	2.356	3.377
3	1.865	2.967
1	2.331	3.35
2	0.25	6.301
3	1.903	2.928
1	2.307	3.326
2	0.25	6.299
3	1.937	2.897
1	2.278	3.308
2	0.25	6.299
3	1.97	2.874
1	2.25	3.293
2	0.252	6.298
3	2.006	2.854
1	2.223	3.283
2	0.255	6.296
3	2.04	2.84
1	2.196	3.275
2	0.259	6.293
3	2.072	2.83
1	2.169	3.272
2	0.26	6.291
3	2.104	2.828
1	2.139	3.274
3	2.135	2.83
2	0.26	6.291
1	2.119	3.289
3	2.144	2.86
2	0.261	6.292
1	2.089	3.302
3	2.176	2.878
2	0.262	6.288
1	2.063	3.323
2	0.263	6.285
3	2.21	2.904
1	2.04	3.347
2	0.266	6.282
3	2.244	2.933
1	2.017	3.375
2	0.266	6.282
3	2.278	2.966
1	1.999	3.409
2	0.275	6.279
3	2.312	3.001
1	1.979	3.449
2	0.28	6.276
3	2.343	3.043
1	1.959	3.495
3	2.374	3.088
2	0.285	6.27
1	1.936	3.545
2	0.286	6.266
3	2.405	3.137
1	1.916	3.602
2	0.289	6.264
3	2.438	3.188
1	1.9	3.661
2	0.289	6.262
3	2.47	3.243
1	1.888	3.719
2	0.29	6.263
3	2.502	3.306
1	1.877	3.777
3	2.534	3.369
2	0.293	6.261
1	1.866	3.837
2	0.296	6.26
3	2.569	3.437
1	1.859	3.899
2	0.299	6.257
3	2.6	3.51
1	1.861	3.961
2	0.297	6.26
3	2.625	3.589
1	1.865	4.022
3	2.65	3.668
2	0.297	6.26
1	1.876	4.091
2	0.298	6.26
3	2.674	3.748
1	1.897	4.162
2	0.299	6.258
3	2.703	3.827
1	1.919	4.235
2	0.301	6.259
3	2.734	3.903
1	1.944	4.309
2	0.302	6.256
3	2.764	3.977
1	1.986	4.384
3	2.797	4.051
2	0.304	6.254
1	2.028	4.461
2	0.305	6.253
3	2.836	4.124
1	2.07	4.541
2	0.306	6.253
3	2.879	4.195
1	2.118	4.62
2	0.305	6.251
3	2.924	4.263
1	2.17	4.7
3	2.973	4.331
2	0.305	6.25
1	2.223	4.781
2	0.305	6.251
3	3.028	4.402
1	2.281	4.867
2	0.305	6.252
3	3.089	4.474
1	2.342	4.951
2	0.309	6.25
3	3.153	4.546
1	2.405	5.032
2	0.312	6.249
3	3.222	4.62
1	2.469	5.115
2	0.315	6.246
3	3.285	4.693
1	2.533	5.194
2	0.319	6.246
3	3.351	4.767
1	2.595	5.269
2	0.324	6.244
3	3.416	4.84
1	2.656	5.346
3	3.48	4.915
2	0.322	6.243
1	2.718	5.425
2	0.321	6.244
3	3.545	4.994
1	2.775	5.502
2	0.32	6.245
3	3.611	5.076
1	2.83	5.58
2	0.319	6.244
3	3.677	5.155
1	2.886	5.657
3	3.747	5.239
2	0.318	6.247
1	2.941	5.732
2	0.318	6.248
3	3.813	5.325
1	2.995	5.803
2	0.316	6.248
3	3.874	5.415
1	3.043	5.874
2	0.316	6.248
3	3.936	5.507
1	3.088	5.945
2	0.315	6.245
3	3.994	5.6
1	3.088	5.945
2	0.315	6.245
3	3.994	5.6
1	3.16	6.052
2	0.315	6.244
3	4.078	5.756
1	3.204	6.122
2	0.315	6.244
3	4.123	5.868
1	3.238	6.191
2	0.316	6.242
3	4.16	5.979
1	3.271	6.26
2	0.315	6.243
3	4.189	6.092
1	3.298	6.322
2	0.315	6.243
3	4.214	6.203
1	3.322	6.381
2	0.314	6.243
3	4.232	6.31
1	3.343	6.44
3	4.243	6.419
2	0.314	6.243
1	3.356	6.495
2	0.314	6.245
3	4.245	6.526
1	3.357	6.546
2	0.313	6.246
3	4.241	6.631
1	3.357	6.594
2	0.312	6.247
3	4.226	6.737
1	3.355	6.641
3	4.203	6.842
2	0.311	6.248
1	3.346	6.686
2	0.311	6.249
3	4.176	6.945
1	3.333	6.731
3	4.137	7.043
2	0.31	6.25
1	3.318	6.775
2	0.309	6.25
3	4.088	7.135
1	3.299	6.817
2	0.308	6.25
3	4.029	7.219
1	3.274	6.855
2	0.307	6.25
3	3.964	7.295
1	3.243	6.891
2	0.305	6.249
3	3.886	7.365
1	3.207	6.92
2	0.304	6.248
3	3.806	7.431
1	3.167	6.945
3	3.718	7.487
2	0.301	6.245
1	3.122	6.969
3	3.621	7.543
2	0.295	6.244
1	3.076	6.986
3	3.523	7.592
2	0.291	6.241
1	3.024	6.996
2	0.273	6.236
3	3.423	7.635
1	2.969	7.003
2	0.255	6.229
3	3.315	7.672
1	2.913	7.002
2	0.238	6.227
3	3.204	7.707
1	2.852	6.998
2	0.231	6.226
3	3.079	7.729
1	2.792	6.99
2	0.225	6.222
3	2.949	7.744
1	2.732	6.981
3	2.818	7.752
2	0.234	6.225
1	2.672	6.968
3	2.678	7.752
2	0.242	6.227
1	2.61	6.952
2	0.251	6.231
3	2.532	7.74
1	2.578	6.937
2	0.254	6.23
3	2.462	7.706
1	2.512	6.92
2	0.254	6.229
3	2.323	7.676
1	2.458	6.893
2	0.253	6.228
3	2.188	7.64
1	2.394	6.87
2	0.251	6.226
3	2.057	7.602
1	2.329	6.848
2	0.248	6.225
3	1.932	7.558
1	2.264	6.83
2	0.248	6.223
3	1.808	7.51
1	2.199	6.81
3	1.662	7.453
2	0.248	6.224
1	2.134	6.788
2	0.247	6.222
3	1.546	7.4
1	2.072	6.765
2	0.247	6.22
3	1.407	7.339
1	2.014	6.742
2	0.248	6.22
3	1.285	7.284
1	1.958	6.72
3	1.174	7.223
2	0.259	6.221
1	1.901	6.696
2	0.269	6.225
3	1.059	7.158
1	1.845	6.675
2	0.278	6.229
3	0.943	7.094
1	1.79	6.649
2	0.289	6.231
3	0.851	7.034
1	1.733	6.62
3	0.766	6.976
2	0.289	6.23
1	1.678	6.589
2	0.264	6.222
3	0.689	6.926
1	1.626	6.56
3	0.615	6.878
2	0.266	6.225
1	1.581	6.532
2	0.265	6.226
3	0.552	6.831
1	1.541	6.505
3	0.495	6.785
2	0.27	6.225
1	1.505	6.481
2	0.275	6.223
3	0.443	6.747
1	1.478	6.451
2	0.286	6.215
3	0.397	6.705
1	1.452	6.419
2	0.296	6.207
3	0.351	6.667
1	1.434	6.386
2	0.333	6.197
3	0.309	6.631
1	1.421	6.351
2	0.364	6.179
3	0.269	6.597
1	1.409	6.318
2	0.39	6.157
3	0.234	6.564
1	1.401	6.281
2	0.405	6.13
3	0.206	6.536
1	1.391	6.242
2	0.42	6.099
3	0.182	6.51
1	1.384	6.2
3	0.16	6.489
2	0.424	6.06
1	1.378	6.159
2	0.429	6.014
3	0.145	6.472
1	1.374	6.116
3	0.136	6.462
2	0.436	5.966
1	1.375	6.07
2	0.452	5.916
3	0.125	6.455
1	1.378	6.022
2	0.471	5.866
3	0.114	6.449
1	1.368	5.978
2	0.493	5.811
3	0.103	6.444
1	1.38	5.926
2	0.517	5.754
3	0.092	6.441
1	1.394	5.868
2	0.544	5.692
3	0.083	6.439
2	0.57	5.629
1	1.411	5.802
3	0.074	6.439
1	1.43	5.733
2	0.597	5.558
3	0.092	6.447
1	1.452	5.661
3	0.084	6.449
2	0.621	5.484
1	1.475	5.587
3	0.106	6.459
2	0.645	5.409
1	1.501	5.509
2	0.668	5.331
3	0.115	6.466
1	1.523	5.428
3	0.118	6.474
2	0.683	5.244
1	1.548	5.341
2	0.699	5.151
3	0.132	6.479
1	1.577	5.251
2	0.72	5.051
3	0.153	6.483
1	1.606	5.161
3	0.159	6.487
2	0.742	4.949
1	1.638	5.069
3	0.163	6.488
2	0.778	4.843
1	1.673	4.975
2	0.844	4.742
3	0.163	6.487
1	1.707	4.876
2	0.884	4.627
3	0.164	6.487
1	1.742	4.773
2	0.928	4.51
3	0.162	6.486
2	0.972	4.391
3	0.159	6.485
1	1.778	4.669
1	1.816	4.565
2	1.017	4.274
3	0.158	6.485
1	1.85	4.462
2	1.064	4.16
3	0.159	6.488
1	1.885	4.36
2	1.111	4.042
3	0.161	6.487
1	1.923	4.256
2	1.148	3.923
3	0.161	6.484
1	1.96	4.152
2	1.195	3.811
3	0.161	6.481
1	1.996	4.047
2	1.246	3.694
3	0.16	6.481
1	2.035	3.942
2	1.304	3.577
3	0.159	6.48
1	2.075	3.838
2	1.367	3.463
3	0.159	6.481
1	2.117	3.734
2	1.429	3.351
3	0.159	6.48
1	2.159	3.63
2	1.488	3.244
3	0.161	6.478
1	2.202	3.528
2	1.547	3.135
3	0.161	6.476
1	2.245	3.428
2	1.615	3.021
3	0.165	6.473
1	2.293	3.328
2	1.677	2.898
3	0.17	6.469
1	2.348	3.228
2	1.738	2.779
3	0.176	6.466
1	2.401	3.128
2	1.809	2.666
3	0.184	6.461
1	2.462	3.028
2	1.883	2.558
3	0.187	6.457
2	1.96	2.446
3	0.189	6.454
1	2.523	2.934
1	2.586	2.84
2	2.037	2.34
3	0.191	6.452
1	2.687	2.761
2	2.121	2.236
3	0.194	6.449
1	2.766	2.673
3	0.197	6.446
2	2.21	2.128
1	2.84	2.586
2	2.305	2.016
3	0.201	6.44
1	2.916	2.502
2	2.398	1.91
3	0.206	6.436
1	2.992	2.421
2	2.495	1.808
3	0.214	6.437
1	3.066	2.339
2	2.589	1.71
3	0.217	6.438
1	3.066	2.339
2	2.689	1.614
3	0.219	6.439
1	3.18	2.214
2	2.793	1.514
3	0.221	6.438
1	3.259	2.138
2	2.894	1.417
3	0.224	6.441
1	3.348	2.068
2	3.003	1.328
3	0.225	6.441
1	3.446	2.002
2	3.113	1.239
3	0.227	6.441
1	3.539	1.941
2	3.22	1.154
3	0.226	6.44
1	3.63	1.882
3	0.224	6.44
2	3.327	1.071
1	3.722	1.826
2	3.431	0.996
3	0.222	6.439
1	3.812	1.778
3	0.223	6.438
2	3.535	0.928
1	3.896	1.738
3	0.226	6.439
2	3.634	0.871
1	3.972	1.708
2	3.732	0.826
3	0.228	6.439
1	4.049	1.68
2	3.829	0.794
3	0.231	6.438
1	4.129	1.653
2	3.918	0.769
3	0.235	6.437
1	4.205	1.631
2	4.003	0.749
3	0.237	6.439
1	4.275	1.611
2	4.086	0.75
3	0.239	6.44
1	4.344	1.597
2	4.171	0.749
3	0.24	6.44
1	4.411	1.584
2	4.254	0.753
3	0.241	6.438
1	4.476	1.579
2	4.325	0.777
3	0.242	6.437
1	4.534	1.58
2	4.401	0.819
3	0.244	6.438
1	4.579	1.589
2	4.477	0.876
3	0.243	6.438
1	4.62	1.606
2	4.54	0.915
3	0.242	6.438
1	4.653	1.633
2	4.599	0.968
3	0.243	6.439
1	4.686	1.662
2	4.654	1.022
3	0.245	6.441
1	4.716	1.693
3	0.247	6.442
2	4.707	1.087
1	4.705	1.721
2	4.755	1.153
3	0.247	6.442
1	4.716	1.762
2	4.799	1.227
3	0.247	6.441
1	4.732	1.808
2	4.836	1.313
3	0.247	6.441
1	4.748	1.858
2	4.873	1.404
3	0.246	6.44
1	4.763	1.912
2	4.906	1.498
3	0.244	6.437
1	4.778	1.971
2	4.938	1.599
3	0.242	6.435
1	4.771	2.008
2	4.962	1.706
3	0.241	6.435
2	4.978	1.827
3	0.241	6.437
1	4.782	2.074
1	4.786	2.139
2	4.991	1.946
3	0.239	6.435
1	4.779	2.204
2	4.996	2.069
3	0.24	6.435
1	4.762	2.268
2	4.999	2.196
3	0.24	6.435
1	4.746	2.333
2	5	2.327
3	0.243	6.436
1	4.73	2.398
2	5	2.459
3	0.244	6.435
1	4.714	2.462
2	5	2.586
3	0.244	6.433
1	4.697	2.522
2	5	2.71
3	0.243	6.436
1	4.681	2.578
2	5	2.826
3	0.242	6.435
1	4.671	2.629
2	5	2.933
3	0.242	6.436
1	4.66	2.679
2	5	3.034
3	0.241	6.437
1	4.643	2.732
2	5	3.131
3	0.241	6.437
1	4.627	2.781
2	5	3.226
3	0.241	6.436
1	4.614	2.829
2	5	3.302
3	0.241	6.435
1	4.599	2.875
2	5	3.381
3	0.241	6.435
2	5	3.461
3	0.242	6.436
1	4.583	2.918
1	4.561	2.959
2	5	3.53
3	0.243	6.437
2	5	3.591
3	0.241	6.436
1	4.541	2.997
1	4.523	3.032
2	5	3.635
3	0.24	6.434
1	4.504	3.067
2	5	3.695
3	0.238	6.433
1	4.482	3.098
2	5	3.74
3	0.237	6.433
1	4.454	3.13
2	5	3.791
3	0.237	6.431
1	4.426	3.165
2	5	3.83
3	0.236	6.431
1	4.393	3.195
2	5	3.869
3	0.237	6.431
1	4.359	3.223
2	5	3.909
3	0.237	6.431
1	4.321	3.254
2	5	3.939
3	0.238	6.433
1	4.282	3.28
2	5	3.967
3	0.239	6.435
1	4.239	3.307
2	5	3.991
3	0.24	6.438
1	4.194	3.332
2	5	4.012
3	0.241	6.439
1	4.141	3.353
2	5	4.028
3	0.242	6.437
1	4.089	3.372
2	5	4.041
3	0.242	6.435
1	4.033	3.388
2	5	4.052
3	0.244	6.435
1	3.974	3.403
2	5	4.06
3	0.246	6.437
1	3.908	3.417
2	5	4.066
3	0.247	6.438
1	3.84	3.43
2	5	4.067
3	0.248	6.436
1	3.772	3.44
2	5	4.066
3	0.247	6.434
1	3.703	3.45
2	5	4.063
3	0.245	6.433
1	3.633	3.46
2	5	4.062
3	0.245	6.43
1	3.563	3.468
2	5	4.062
3	0.243	6.43
1	3.493	3.478
2	5	4.063
3	0.24	6.429
1	3.424	3.489
2	5	4.064
3	0.238	6.428
1	3.356	3.499
2	5	4.062
3	0.235	6.428
1	3.288	3.51
2	5	4.061
3	0.233	6.428
1	3.221	3.524
2	5	4.059
3	0.231	6.428
2	5	4.058
3	0.229	6.427
1	3.154	3.537
1	3.089	3.553
2	5	4.056
3	0.227	6.427
1	3.03	3.565
2	4.999	4.054
3	0.224	6.424
1	2.971	3.578
2	4.999	4.052
3	0.224	6.423
1	2.915	3.593
3	0.228	6.428
2	4.999	4.054
1	2.86	3.604
2	4.999	4.053
3	0.228	6.426
1	2.806	3.616
2	4.999	4.053
3	0.226	6.426
1	2.757	3.628
2	4.999	4.051
3	0.226	6.425
1	2.708	3.641
2	4.999	4.052
3	0.225	6.425
1	2.66	3.656
2	4.999	4.054
3	0.225	6.424
1	2.612	3.671
2	4.999	4.051
3	0.225	6.424
1	2.563	3.685
2	4.999	4.052
3	0.223	6.422
2	4.999	4.051
3	0.222	6.422
1	2.514	3.699
1	2.467	3.71
2	4.999	4.051
3	0.221	6.421
1	2.421	3.721
2	4.999	4.052
3	0.219	6.422
1	2.379	3.731
2	4.999	4.051
3	0.219	6.423
1	2.33	3.735
3	0.217	6.423
2	4.999	4.05
1	2.284	3.739
2	4.999	4.05
3	0.216	6.422
1	2.241	3.743
2	4.999	4.049
3	0.212	6.427
1	2.199	3.743
2	4.999	4.048
3	0.209	6.429
1	2.156	3.743
2	4.999	4.049
3	0.205	6.434
1	2.108	3.74
2	4.999	4.047
3	0.204	6.435
1	2.061	3.733
2	4.999	4.048
3	0.207	6.438
1	2.016	3.724
2	4.999	4.047
3	0.211	6.44
1	1.97	3.719
2	4.999	4.047
3	0.211	6.439
1	1.924	3.711
2	4.999	4.046
3	0.214	6.441
1	1.88	3.701
2	4.999	4.046
3	0.217	6.442
1	1.836	3.694
2	4.999	4.048
3	0.22	6.444
1	1.791	3.684
2	4.999	4.049
3	0.221	6.444
1	1.746	3.675
2	4.999	4.05
3	0.222	6.445
1	1.701	3.666
2	4.999	4.051
3	0.222	6.447
1	1.654	3.656
2	4.999	4.049
3	0.221	6.449
1	1.609	3.648
2	4.999	4.048
3	0.222	6.452
1	1.563	3.641
2	5	4.049
3	0.222	6.451
1	1.52	3.632
2	5	4.048
3	0.219	6.452
1	1.477	3.623
2	5	4.049
3	0.218	6.451
1	1.432	3.612
2	5	4.05
3	0.221	6.451
1	1.385	3.599
2	5	4.05
3	0.222	6.45
1	1.345	3.582
2	5	4.048
3	0.222	6.449
1	1.309	3.561
2	5	4.047
3	0.22	6.449
1	1.277	3.542
2	5	4.045
3	0.22	6.447
1	1.25	3.521
2	5	4.044
3	0.221	6.447
1	1.224	3.5
2	5	4.043
3	0.221	6.444
1	1.201	3.48
2	5	4.043
3	0.223	6.446
1	1.18	3.461
2	5	4.043
3	0.224	6.444
1	1.166	3.444
2	5	4.045
3	0.224	6.445
1	1.158	3.431
2	5	4.047
3	0.224	6.447
1	1.153	3.421
2	5	4.049
3	0.226	6.448
1	1.148	3.409
2	5	4.05
3	0.228	6.441
1	1.148	3.402
2	5	4.05
3	0.231	6.44
1	1.15	3.393
2	5	4.05
3	0.232	6.435
1	1.157	3.391
2	5	4.054
3	0.234	6.436
1	1.164	3.391
2	5	4.055
3	0.234	6.436
1	1.169	3.391
2	5	4.056
3	0.232	6.436
1	1.174	3.39
2	5	4.056
3	0.233	6.438
1	1.176	3.394
2	5	4.057
3	0.231	6.438
1	1.177	3.396
2	5	4.057
3	0.23	6.44
1	1.177	3.398
3	0.229	6.44
2	5	4.058
1	1.178	3.4
2	5	4.059
3	0.229	6.439
1	1.18	3.403
2	5	4.058
3	0.23	6.437
1	1.182	3.405
2	5	4.058
3	0.231	6.437
1	1.184	3.408
2	5	4.06
3	0.235	6.436
1	1.187	3.408
2	5	4.063
3	0.238	6.436
1	1.188	3.408
2	5	4.061
3	0.235	6.437
1	1.187	3.407
2	5	4.06
3	0.234	6.433
1	1.185	3.405
3	0.235	6.433
2	5	4.058
1	1.187	3.405
2	5	4.058
3	0.234	6.434
1	1.192	3.404
3	0.235	6.435
2	5	4.058
1	1.193	3.403
3	0.236	6.437
2	5	4.058
1	1.192	3.404
3	0.239	6.438
2	5	4.058
1	1.19	3.402
2	5	4.059
3	0.24	6.438
1	1.187	3.399
2	5	4.059
3	0.237	6.438
1	1.185	3.398
2	5	4.059
3	0.239	6.441
1	1.182	3.397
2	5	4.058
3	0.239	6.44
1	1.178	3.394
2	5	4.057
3	0.238	6.441
1	1.171	3.391
2	5	4.055
3	0.237	6.44
1	1.164	3.387
2	5	4.054
3	0.235	6.439
1	1.157	3.384
2	5	4.054
3	0.232	6.44
1	1.153	3.382
2	5	4.053
3	0.233	6.442
1	1.15	3.381
2	5	4.053
3	0.235	6.441
1	1.147	3.38
2	5	4.052
3	0.236	6.441
1	1.144	3.378
2	5	4.05
3	0.235	6.438
1	1.141	3.378
2	5	4.05
3	0.238	6.439
1	1.139	3.379
2	5	4.05
3	0.238	6.438
1	1.138	3.378
2	5	4.05
3	0.238	6.437
1	1.138	3.376
2	5	4.049
3	0.239	6.435
1	1.138	3.376
2	5	4.049
3	0.239	6.435
1	1.139	3.376
2	5	4.047
3	0.241	6.434
2	5	4.047
3	0.238	6.435
1	1.137	3.377
1	1.136	3.377
3	0.236	6.434
2	5	4.046
1	1.135	3.377
2	5	4.047
3	0.236	6.435
1	1.134	3.377
2	5	4.048
3	0.235	6.436
2	5	4.049
3	0.235	6.436
1	1.132	3.376
1	1.134	3.378
2	5	4.05
3	0.239	6.437
1	1.136	3.379
2	5	4.05
3	0.24	6.439
1	1.136	3.379
2	5	4.051
3	0.239	6.439
1	1.136	3.378
2	5	4.051
3	0.237	6.438
1	1.135	3.377
2	5	4.051
3	0.234	6.438
2	5	4.052
3	0.232	6.437
1	1.134	3.377
1	1.135	3.376
2	5	4.053
3	0.23	6.437
1	1.135	3.378
2	5	4.055
3	0.23	6.437
1	1.135	3.376
2	5	4.055
3	0.234	6.438
1	1.136	3.375
2	5	4.055
3	0.234	6.435
1	1.136	3.374
2	5	4.054
3	0.231	6.435
1	1.136	3.374
2	5	4.055
3	0.23	6.432
1	1.138	3.373
2	5	4.055
3	0.23	6.431
1	1.139	3.374
3	0.231	6.43
2	5	4.055
1	1.14	3.375
2	5	4.055
3	0.232	6.431
1	1.141	3.374
2	5	4.054
3	0.232	6.429
1	1.139	3.372
2	5	4.054
3	0.227	6.427
1	1.137	3.372
2	5	4.053
3	0.228	6.428
1	1.136	3.372
2	5	4.055
3	0.231	6.428
1	1.134	3.372
2	5	4.057
3	0.23	6.428
1	1.134	3.373
2	5	4.056
3	0.231	6.428
1	1.134	3.372
2	5	4.056
3	0.232	6.428
1	1.134	3.371
2	5	4.057
3	0.233	6.427
1	1.136	3.373
2	5	4.056
3	0.234	6.427
1	1.136	3.372
2	5	4.056
3	0.23	6.425
1	1.138	3.372
2	5	4.055
3	0.231	6.424
1	1.137	3.372
2	5	4.056
3	0.23	6.424
1	1.138	3.371
2	5	4.055
3	0.228	6.423
