1	2.247	0.143
2	2.091	0.246
3	2.165	0.548
1	2.247	0.144
2	2.09	0.244
3	2.163	0.55
1	2.246	0.147
2	2.089	0.238
3	2.165	0.548
1	2.249	0.146
2	2.088	0.235
3	2.167	0.544
1	2.252	0.143
2	2.088	0.238
3	2.168	0.542
1	2.255	0.138
2	2.089	0.242
3	2.168	0.54
1	2.258	0.129
2	2.092	0.246
3	2.167	0.54
1	2.261	0.121
2	2.09	0.254
3	2.165	0.54
1	2.263	0.115
2	2.089	0.261
3	2.164	0.54
1	2.265	0.109
2	2.086	0.269
3	2.161	0.549
1	2.264	0.101
2	2.084	0.274
3	2.16	0.555
1	2.264	0.096
2	2.081	0.276
3	2.159	0.561
1	2.263	0.09
2	2.08	0.277
3	2.162	0.563
1	2.263	0.086
2	2.081	0.276
3	2.163	0.564
1	2.263	0.082
2	2.082	0.275
3	2.164	0.564
1	2.259	0.089
2	2.082	0.274
3	2.162	0.568
1	2.255	0.096
2	2.087	0.283
3	2.159	0.57
1	2.251	0.104
2	2.092	0.292
3	2.157	0.57
1	2.249	0.109
2	2.091	0.299
3	2.155	0.57
1	2.25	0.113
2	2.09	0.307
3	2.154	0.57
1	2.255	0.114
2	2.089	0.312
3	2.153	0.578
1	2.261	0.113
2	2.086	0.318
3	2.151	0.584
1	2.264	0.113
2	2.086	0.312
3	2.176	0.578
1	2.269	0.112
2	2.086	0.305
3	2.192	0.559
1	2.288	0.107
2	2.087	0.298
3	2.211	0.53
1	2.309	0.1
2	2.088	0.294
3	2.233	0.477
1	2.327	0.139
2	2.088	0.291
3	2.258	0.408
1	2.34	0.195
2	2.089	0.292
3	2.28	0.35
1	2.339	0.265
2	2.089	0.289
3	2.299	0.301
1	2.336	0.327
2	2.088	0.285
3	2.312	0.27
1	2.334	0.378
2	2.086	0.282
3	2.325	0.236
1	2.327	0.423
2	2.081	0.282
3	2.334	0.212
1	2.319	0.462
2	2.072	0.28
3	2.342	0.19
1	2.313	0.488
2	2.055	0.268
3	2.35	0.223
1	2.305	0.516
2	2.039	0.192
3	2.356	0.266
1	2.298	0.54
2	2.026	0.108
3	2.362	0.289
1	2.289	0.559
2	1.987	0.086
3	2.369	0.315
1	2.287	0.572
2	1.94	0.075
3	2.376	0.35
1	2.287	0.579
2	1.9	0.103
3	2.381	0.383
1	2.287	0.581
2	1.863	0.126
3	2.39	0.41
1	2.282	0.589
2	1.812	0.201
3	2.397	0.468
1	2.263	0.61
2	1.776	0.249
3	2.402	0.505
1	2.247	0.632
2	1.733	0.304
3	2.409	0.547
1	2.231	0.654
2	1.669	0.379
3	2.417	0.583
1	2.221	0.668
2	1.609	0.444
3	2.416	0.621
1	2.215	0.678
2	1.573	0.481
3	2.428	0.64
1	2.227	0.668
2	1.541	0.512
3	2.445	0.645
1	2.237	0.664
2	1.52	0.555
3	2.465	0.72
1	2.246	0.674
2	1.495	0.662
3	2.482	0.804
1	2.261	0.676
2	1.491	0.731
3	2.498	0.874
1	2.272	0.675
2	1.493	0.804
3	2.549	0.932
1	2.285	0.674
2	1.495	0.885
3	2.593	0.99
1	2.299	0.68
2	1.521	0.941
3	2.622	1.034
1	2.316	0.703
2	1.549	1.005
3	2.657	1.083
1	2.327	0.723
2	1.566	1.059
3	2.692	1.133
1	2.326	0.744
2	1.607	1.076
3	2.737	1.199
1	2.324	0.757
2	1.652	1.082
3	2.802	1.254
1	2.339	0.769
2	1.692	1.086
3	2.833	1.33
1	2.353	0.779
2	1.723	1.084
3	2.834	1.398
1	2.366	0.788
2	1.76	1.064
3	2.815	1.502
1	2.377	0.815
2	1.792	1.029
3	2.797	1.598
1	2.392	0.838
2	1.81	1.012
3	2.793	1.677
1	2.406	0.852
2	1.826	0.966
3	2.751	1.783
1	2.415	0.877
2	1.836	0.928
3	2.715	1.861
1	2.416	0.905
2	1.84	0.865
3	2.657	1.952
1	2.432	0.906
2	1.82	0.83
3	2.606	2.031
1	2.447	0.937
2	1.741	0.864
3	2.558	2.097
1	2.462	0.99
2	1.672	0.878
3	2.455	2.237
1	2.496	1.024
2	1.61	0.876
3	2.364	2.354
1	2.548	1.05
2	1.563	0.874
3	2.303	2.429
1	2.605	1.06
2	1.489	0.873
3	2.18	2.567
1	2.637	1.13
2	1.396	0.901
3	2.071	2.685
1	2.648	1.243
2	1.285	0.966
3	1.975	2.785
1	2.705	1.338
2	1.181	1.057
3	1.826	2.937
1	2.743	1.399
2	1.078	1.187
3	1.694	3.058
1	2.776	1.548
2	1	1.307
3	1.605	3.131
1	2.816	1.686
2	0.907	1.444
3	1.528	3.188
1	2.86	1.813
2	0.847	1.558
3	1.501	3.227
1	2.9	1.919
2	0.813	1.677
3	1.507	3.26
1	2.934	2.035
2	0.792	1.784
3	1.34	3.47
1	2.957	2.116
2	0.795	1.853
3	1.24	3.604
1	3.022	2.208
2	0.773	1.977
3	1.153	3.757
1	3.055	2.321
2	0.728	2.124
3	1.073	3.888
1	3.077	2.427
2	0.689	2.246
3	1.002	3.998
1	3.096	2.515
2	0.654	2.349
3	0.939	4.113
1	3.1	2.592
2	0.692	2.435
3	0.884	4.276
1	3.101	2.693
2	0.704	2.508
3	0.843	4.379
1	3.128	2.878
2	0.681	2.637
3	0.799	4.498
1	3.152	3.034
2	0.629	2.778
3	0.778	4.597
1	3.177	3.164
2	0.553	2.928
3	0.857	4.578
1	3.153	3.32
2	0.486	3.131
3	0.947	4.531
1	3.127	3.431
2	0.441	3.315
3	1	4.491
1	3.114	3.557
2	0.441	3.562
3	1.027	4.494
1	3.156	3.662
2	0.475	3.78
3	1.038	4.515
1	3.173	3.769
2	0.523	3.962
3	1.149	4.408
1	3.186	3.859
2	0.57	4.108
3	1.279	4.28
1	3.19	3.933
2	0.626	4.213
3	1.391	4.176
1	3.164	4.011
2	0.663	4.28
3	1.462	4.114
1	3.132	4.1
2	0.725	4.339
3	1.547	4.036
1	3.047	4.145
2	0.795	4.372
3	1.622	3.966
1	2.953	4.174
2	0.856	4.411
3	1.724	3.837
1	2.856	4.209
2	0.911	4.477
3	1.829	3.713
1	2.729	4.273
2	0.979	4.531
3	1.935	3.595
1	2.643	4.313
2	1.029	4.566
3	2.019	3.465
1	2.53	4.359
2	1.151	4.542
3	2.128	3.309
1	2.427	4.368
2	1.258	4.566
3	2.205	3.178
1	2.324	4.366
2	1.353	4.628
3	2.297	3.043
1	2.195	4.405
2	1.495	4.68
3	2.387	2.917
1	2.07	4.404
2	1.621	4.723
3	2.469	2.799
1	1.986	4.393
2	1.705	4.751
3	2.524	2.718
1	1.885	4.38
2	1.818	4.769
3	2.589	2.622
1	1.812	4.347
2	1.95	4.772
3	2.644	2.543
1	1.7	4.32
2	2.096	4.763
3	2.692	2.476
1	1.585	4.297
2	2.224	4.758
3	2.664	2.482
1	1.464	4.3
2	2.309	4.755
3	2.495	2.618
1	1.369	4.316
2	2.408	4.751
3	2.443	2.602
1	1.232	4.335
2	2.495	4.734
3	2.564	2.408
1	1.158	4.302
2	2.55	4.72
3	2.666	2.245
1	1.135	4.229
2	2.578	4.708
3	2.743	2.108
1	1.117	4.12
2	2.663	4.584
3	2.799	2.018
1	1.1	4.015
2	2.735	4.478
3	2.866	1.913
1	1.09	3.947
2	2.821	4.357
3	2.914	1.779
1	1.022	3.859
2	2.896	4.255
3	2.95	1.666
1	0.952	3.754
2	2.983	4.117
3	2.967	1.569
1	0.889	3.658
2	3.056	3.984
3	2.982	1.483
1	0.833	3.555
2	3.098	3.899
3	2.993	1.428
1	0.795	3.456
2	3.161	3.788
3	2.989	1.382
1	0.746	3.322
2	3.23	3.682
3	2.982	1.348
1	0.69	3.21
2	3.285	3.532
3	2.975	1.218
1	0.657	3.089
2	3.322	3.406
3	2.935	1.113
1	0.672	2.914
2	3.322	3.301
3	2.868	1.029
1	0.685	2.768
2	3.322	3.233
3	2.796	1.003
1	0.694	2.674
2	3.356	3.12
3	2.711	0.974
1	0.685	2.583
2	3.387	3.025
3	2.604	0.942
1	0.66	2.522
2	3.394	2.849
3	2.51	0.917
1	0.636	2.427
2	3.405	2.696
3	2.377	0.913
1	0.615	2.348
2	3.417	2.566
3	2.276	0.914
1	0.597	2.283
2	3.426	2.483
3	2.156	0.886
1	0.643	2.179
2	3.426	2.319
3	2.041	0.862
1	0.697	2.06
2	3.426	2.176
3	1.93	0.843
1	0.768	1.991
2	3.427	2.04
3	1.771	0.869
1	0.831	1.933
2	3.4	1.89
3	1.631	0.903
1	0.874	1.885
2	3.375	1.785
3	1.537	0.934
1	0.907	1.85
2	3.363	1.648
3	1.428	0.987
1	0.952	1.804
2	3.351	1.534
3	1.335	1.047
1	0.992	1.782
2	3.331	1.425
3	1.236	1.115
1	1.028	1.768
2	3.304	1.33
3	1.132	1.188
1	1.079	1.757
2	3.28	1.239
3	1.087	1.302
1	1.159	1.71
2	3.263	1.171
3	1.047	1.44
1	1.238	1.654
2	3.214	1.095
3	1.024	1.562
1	1.332	1.59
2	3.161	1.031
3	1.003	1.704
1	1.415	1.556
2	3.062	1.022
3	0.998	1.834
1	1.488	1.535
2	2.976	1.015
3	1.033	1.943
1	1.562	1.51
2	2.899	1.004
3	1.056	2.013
1	1.653	1.471
2	2.848	0.985
3	1.083	2.103
1	1.714	1.445
2	2.771	0.963
3	1.107	2.208
1	1.788	1.417
2	2.674	0.941
3	1.154	2.296
1	1.886	1.375
2	2.544	0.913
3	1.21	2.429
1	1.984	1.336
2	2.429	0.889
3	1.252	2.557
1	2.085	1.368
2	2.352	0.874
3	1.334	2.702
1	2.184	1.414
2	2.19	0.912
3	1.416	2.824
1	2.262	1.444
2	2.043	0.945
3	1.488	2.925
1	2.357	1.476
2	1.91	0.972
3	1.522	3.076
1	2.443	1.5
2	1.765	1.023
3	1.538	3.202
1	2.517	1.52
2	1.63	1.074
3	1.557	3.346
1	2.58	1.539
2	1.539	1.085
3	1.634	3.471
1	2.635	1.556
2	1.431	1.043
3	1.701	3.576
1	2.671	1.617
2	1.335	1.008
3	1.794	3.664
1	2.71	1.691
2	1.216	1.026
3	1.881	3.743
1	2.734	1.764
2	1.095	1.058
3	1.929	3.804
1	2.779	1.841
2	1.014	1.078
3	2.013	3.891
1	2.828	1.909
2	0.92	1.171
3	2.16	4.009
1	2.854	1.986
2	0.844	1.271
3	2.291	4.108
1	2.871	2.035
2	0.791	1.354
3	2.405	4.191
1	2.899	2.09
2	0.725	1.49
3	2.506	4.26
1	2.96	2.137
2	0.665	1.629
3	2.586	4.304
1	3.028	2.176
2	0.633	1.728
3	2.663	4.365
1	3.089	2.209
2	0.575	1.862
3	2.683	4.445
1	3.126	2.284
2	0.518	1.998
3	2.7	4.524
1	3.118	2.434
2	0.468	2.162
3	2.697	4.59
1	3.107	2.605
2	0.429	2.303
3	2.683	4.632
1	3.126	2.798
2	0.409	2.433
3	2.671	4.616
1	3.142	2.959
2	0.396	2.516
3	2.662	4.573
1	3.157	3.094
2	0.356	2.636
3	2.654	4.511
1	3.142	3.22
2	0.312	2.762
3	2.648	4.46
1	3.108	3.387
2	0.267	2.892
3	2.643	4.426
1	3.149	3.529
2	0.306	3
3	2.617	4.389
1	3.178	3.648
2	0.326	3.082
3	2.535	4.349
1	3.186	3.748
2	0.333	3.207
3	2.463	4.29
1	3.161	3.869
2	0.316	3.336
3	2.379	4.24
1	3.138	3.956
2	0.294	3.451
3	2.3	4.198
1	3.11	4.054
2	0.275	3.548
3	2.284	4.117
1	3.085	4.122
2	0.262	3.626
3	2.265	4.025
1	3.055	4.175
2	0.271	3.716
3	2.248	3.908
1	3.02	4.219
2	0.351	3.791
3	2.234	3.775
1	2.961	4.269
2	0.376	3.901
3	2.179	3.663
1	2.891	4.314
2	0.384	4.017
3	2.145	3.547
1	2.829	4.317
2	0.391	4.14
3	2.132	3.456
1	2.755	4.319
2	0.426	4.241
3	2.117	3.294
1	2.666	4.333
2	0.473	4.352
3	2.099	3.141
1	2.54	4.377
2	0.525	4.433
3	2.073	3.014
1	2.449	4.391
2	0.58	4.507
3	2.05	2.907
1	2.324	4.37
2	0.637	4.574
3	2.031	2.814
1	2.213	4.359
2	0.687	4.67
3	1.998	2.65
1	2.116	4.366
2	0.721	4.731
3	1.957	2.513
1	2.015	4.372
2	0.761	4.802
3	1.909	2.403
1	1.918	4.386
2	0.807	4.86
3	1.842	2.327
1	1.844	4.411
2	0.89	4.883
3	1.784	2.196
1	1.733	4.42
2	0.982	4.887
3	1.738	2.096
1	1.615	4.408
2	1.08	4.872
3	1.667	1.982
1	1.562	4.344
2	1.147	4.896
3	1.573	1.92
1	1.516	4.291
2	1.226	4.944
3	1.48	1.848
1	1.475	4.246
2	1.362	4.953
3	1.395	1.704
1	1.421	4.21
2	1.482	4.961
3	1.321	1.583
1	1.377	4.146
2	1.588	4.972
3	1.271	1.506
1	1.359	4.072
2	1.659	4.982
3	1.172	1.458
1	1.343	4.007
2	1.796	4.952
3	1.084	1.417
1	1.298	3.952
2	1.938	4.914
3	1.006	1.384
1	1.245	3.917
2	2.077	4.883
3	0.925	1.368
1	1.196	3.861
2	2.209	4.857
3	0.868	1.361
1	1.158	3.798
2	2.368	4.788
3	0.805	1.358
1	1.124	3.714
2	2.507	4.711
3	0.756	1.361
1	1.114	3.622
2	2.654	4.649
3	0.733	1.363
1	1.111	3.539
2	2.767	4.62
3	0.714	1.365
1	1.113	3.482
2	2.84	4.596
3	0.696	1.366
1	1.125	3.407
2	2.905	4.576
3	0.689	1.449
1	1.169	3.308
2	2.957	4.525
3	0.664	1.561
1	1.219	3.19
2	3.019	4.467
3	0.596	1.702
1	1.263	3.022
2	3.073	4.418
3	0.537	1.82
1	1.251	2.881
2	3.154	4.342
3	0.485	1.919
1	1.206	2.791
2	3.226	4.279
3	0.431	2.045
1	1.141	2.688
2	3.289	4.197
3	0.39	2.157
1	1.081	2.602
2	3.331	4.137
3	0.341	2.284
1	1.027	2.53
2	3.32	4.069
3	0.36	2.444
1	0.994	2.458
2	3.319	4.003
3	0.397	2.582
1	0.953	2.395
2	3.327	3.939
3	0.368	2.763
1	0.905	2.324
2	3.356	3.831
3	0.335	2.893
1	0.862	2.263
2	3.363	3.732
3	0.295	3.042
1	0.824	2.204
2	3.354	3.661
3	0.268	3.2
1	0.791	2.155
2	3.335	3.58
3	0.269	3.402
1	0.812	2.089
2	3.322	3.496
3	0.27	3.571
1	0.836	2.014
2	3.339	3.382
3	0.271	3.679
1	0.858	1.951
2	3.359	3.282
3	0.298	3.823
1	0.887	1.906
2	3.383	3.206
3	0.345	3.962
1	0.929	1.857
2	3.411	3.097
3	0.405	4.077
1	1.004	1.775
2	3.437	2.939
3	0.457	4.189
1	1.059	1.734
2	3.437	2.788
3	0.503	4.296
1	1.136	1.715
2	3.43	2.654
3	0.539	4.365
1	1.206	1.7
2	3.426	2.565
3	0.581	4.443
1	1.31	1.646
2	3.427	2.458
3	0.66	4.491
1	1.414	1.588
2	3.446	2.357
3	0.729	4.532
1	1.515	1.54
2	3.463	2.273
3	0.79	4.593
1	1.585	1.51
2	3.47	2.202
3	0.844	4.668
1	1.686	1.515
2	3.473	2.144
3	0.936	4.734
1	1.775	1.523
2	3.475	2.106
3	1.046	4.814
1	1.873	1.531
2	3.476	1.994
3	1.143	4.883
1	1.983	1.533
2	3.478	1.838
3	1.351	4.858
1	2.089	1.524
2	3.476	1.707
3	1.534	4.836
1	2.161	1.513
2	3.473	1.598
3	1.704	4.809
1	2.247	1.497
2	3.471	1.529
3	1.821	4.789
1	2.331	1.484
2	3.381	1.448
3	1.96	4.774
1	2.406	1.471
2	3.273	1.38
3	2.096	4.791
1	2.475	1.457
2	3.183	1.319
3	2.221	4.813
1	2.518	1.477
2	3.107	1.264
3	2.331	4.832
1	2.567	1.516
2	3.056	1.2
3	2.409	4.831
1	2.62	1.548
2	2.984	1.131
3	2.515	4.799
1	2.696	1.575
2	2.889	1.081
3	2.609	4.772
1	2.754	1.685
2	2.788	1.058
3	2.711	4.728
1	2.829	1.777
2	2.691	1.043
3	2.821	4.672
1	2.896	1.836
2	2.598	1.036
3	2.917	4.566
1	2.998	1.926
2	2.536	1.012
3	2.983	4.497
1	3.108	2.022
2	2.461	0.974
3	3.067	4.413
1	3.224	2.103
2	2.366	0.941
3	3.141	4.325
1	3.327	2.17
2	2.283	0.915
3	3.11	4.217
1	3.392	2.253
2	2.199	0.88
3	2.992	4.094
1	3.382	2.364
2	2.121	0.831
3	2.83	3.992
1	3.352	2.541
2	2.027	0.785
3	2.741	3.906
1	3.311	2.74
2	1.941	0.74
3	2.685	3.755
1	3.274	2.916
2	1.854	0.659
3	2.614	3.629
1	3.29	3.064
2	1.719	0.652
3	2.548	3.52
1	3.313	3.158
2	1.582	0.679
3	2.499	3.42
1	3.274	3.336
2	1.49	0.726
3	2.466	3.329
1	3.22	3.506
2	1.386	0.779
3	2.427	3.158
1	3.171	3.657
2	1.3	0.824
3	2.381	3.017
1	3.164	3.791
2	1.206	0.881
3	2.306	2.902
1	3.158	3.903
2	1.117	0.934
3	2.24	2.679
1	3.139	3.991
2	1.053	0.992
3	2.176	2.458
1	3.113	4.093
2	0.965	1.119
3	2.122	2.329
1	3.084	4.187
2	0.883	1.244
3	2.058	2.175
1	3.058	4.26
2	0.811	1.376
3	2.001	2.04
1	3.038	4.318
2	0.748	1.512
3	1.895	1.892
1	3.023	4.363
2	0.672	1.646
3	1.788	1.784
1	3.002	4.403
2	0.617	1.736
3	1.68	1.707
1	2.977	4.448
2	0.551	1.863
3	1.608	1.658
1	2.94	4.469
2	0.493	1.97
3	1.521	1.577
1	2.888	4.504
2	0.454	2.062
3	1.43	1.508
1	2.825	4.547
2	0.452	2.15
3	1.349	1.45
1	2.782	4.576
2	0.417	2.258
3	1.288	1.391
1	2.673	4.608
2	0.394	2.35
3	1.235	1.383
1	2.578	4.633
2	0.384	2.492
3	1.199	1.408
1	2.494	4.655
2	0.358	2.629
3	1.161	1.459
1	2.399	4.647
2	0.33	2.748
3	1.132	1.524
1	2.309	4.628
2	0.282	2.882
3	1.128	1.578
1	2.248	4.608
2	0.283	2.994
3	1.161	1.586
1	2.167	4.585
2	0.314	3.065
3	1.2	1.592
1	2.089	4.566
2	0.323	3.177
3	1.228	1.597
1	1.979	4.592
2	0.332	3.307
3	1.262	1.601
1	1.885	4.601
2	0.339	3.45
3	1.292	1.605
1	1.828	4.581
2	0.312	3.604
3	1.28	1.714
1	1.759	4.557
2	0.286	3.711
3	1.234	1.901
1	1.69	4.537
2	0.256	3.832
3	1.265	2
1	1.623	4.522
2	0.229	3.933
3	1.339	2.099
1	1.562	4.51
2	0.323	4.021
3	1.405	2.288
1	1.507	4.5
2	0.406	4.098
3	1.463	2.446
1	1.471	4.494
2	0.479	4.163
3	1.564	2.577
1	1.427	4.486
2	0.578	4.206
3	1.66	2.688
1	1.387	4.471
2	0.696	4.266
3	1.731	2.758
1	1.35	4.456
2	0.8	4.35
3	1.78	2.911
1	1.318	4.443
2	0.89	4.392
3	1.79	3.105
1	1.261	4.452
2	0.969	4.402
3	1.829	3.31
1	1.223	4.458
2	1.024	4.408
3	1.863	3.485
1	1.178	4.465
2	1.095	4.414
3	1.885	3.606
1	1.163	4.442
2	1.166	4.412
3	1.944	3.745
1	1.153	4.408
2	1.23	4.433
3	2.024	3.861
1	1.13	4.365
2	1.287	4.52
3	2.079	4.007
1	1.111	4.33
2	1.364	4.593
3	2.113	4.175
1	1.098	4.307
2	1.422	4.639
3	2.135	4.282
1	1.066	4.28
2	1.553	4.628
3	2.162	4.405
1	1.026	4.251
2	1.669	4.633
3	2.347	4.383
1	0.98	4.219
2	1.771	4.653
3	2.492	4.365
1	0.939	4.186
2	1.861	4.669
3	2.604	4.35
1	0.911	4.165
2	1.954	4.678
3	2.73	4.307
1	0.802	4.142
2	2.074	4.687
3	2.821	4.273
1	0.706	4.122
2	2.234	4.637
3	2.973	4.22
1	0.681	4.015
2	2.391	4.579
3	3.106	4.169
1	0.692	3.89
2	2.517	4.529
3	3.224	4.11
1	0.733	3.753
2	2.615	4.488
3	3.237	4.06
1	0.76	3.587
2	2.705	4.437
3	3.219	4.019
1	0.792	3.398
2	2.819	4.371
3	3.208	3.982
1	0.776	3.239
2	2.939	4.293
3	3.194	3.935
1	0.749	3.107
2	3.002	4.228
3	3.142	3.895
1	0.72	2.996
2	3.045	4.173
3	3.118	3.831
1	0.676	2.903
2	3.086	4.102
3	3.156	3.694
1	0.687	2.801
2	3.136	4.022
3	3.191	3.596
1	0.725	2.659
2	3.176	3.952
3	3.24	3.43
1	0.759	2.54
2	3.199	3.888
3	3.286	3.246
1	0.785	2.441
2	3.245	3.808
3	3.332	3.086
1	0.8	2.357
2	3.293	3.724
3	3.373	2.919
1	0.81	2.304
2	3.325	3.649
3	3.41	2.769
1	0.823	2.243
2	3.336	3.518
3	3.434	2.673
1	0.834	2.192
2	3.333	3.393
3	3.438	2.547
1	0.844	2.15
2	3.322	3.289
3	3.418	2.428
1	0.856	2.065
2	3.32	3.187
3	3.422	2.258
1	0.868	1.978
2	3.344	3.064
3	3.42	2.094
1	0.889	1.909
2	3.359	2.985
3	3.386	1.958
1	0.923	1.822
2	3.37	2.843
3	3.363	1.87
1	0.953	1.736
2	3.359	2.724
3	3.348	1.722
1	0.982	1.664
2	3.358	2.616
3	3.335	1.584
1	1.008	1.603
2	3.364	2.518
3	3.316	1.465
1	1.044	1.549
2	3.073	2.727
3	3.281	1.335
1	1.097	1.477
2	2.955	2.782
3	3.246	1.252
1	1.144	1.417
2	3.004	2.655
3	3.179	1.157
1	1.186	1.367
2	3.047	2.417
3	3.077	1.123
1	1.246	1.307
2	3.062	2.217
3	2.98	1.094
1	1.321	1.241
2	3.054	2.051
3	2.888	1.07
1	1.378	1.257
2	3.046	1.946
3	2.787	1.071
1	1.449	1.276
2	3.036	1.828
3	2.716	1.075
1	1.522	1.292
2	3.027	1.662
3	2.619	1.119
1	1.605	1.285
2	3.019	1.524
3	2.524	1.19
1	1.686	1.278
2	2.995	1.413
3	2.44	1.282
1	1.76	1.283
2	2.925	1.336
3	2.374	1.359
1	1.809	1.287
2	2.865	1.299
3	2.334	1.408
1	1.87	1.291
2	2.791	1.253
3	2.241	1.531
1	1.933	1.3
2	2.718	1.202
3	2.146	1.658
1	1.991	1.304
2	2.641	1.159
3	2.063	1.771
1	2.05	1.3
2	2.561	1.116
3	1.989	1.865
1	2.089	1.314
2	2.468	1.062
3	1.924	1.944
1	2.137	1.33
2	2.38	1.039
3	1.836	2.062
1	2.198	1.337
2	2.275	1.012
3	1.732	2.197
1	2.26	1.348
2	2.182	0.99
3	1.639	2.325
1	2.327	1.357
2	2.1	0.971
3	1.558	2.437
1	2.397	1.365
2	2.028	0.956
3	1.514	2.533
1	2.455	1.36
2	1.965	0.943
3	1.493	2.614
1	2.411	1.545
2	1.87	0.919
3	1.497	2.666
1	2.266	1.876
2	1.757	0.891
3	1.412	2.821
1	2.361	1.785
2	1.662	0.869
3	1.308	2.98
1	2.444	1.708
2	1.577	0.849
3	1.234	2.864
1	2.517	1.643
2	1.503	0.833
3	1.174	2.691
1	2.566	1.608
2	1.415	0.91
3	1.112	2.775
1	2.624	1.569
2	1.314	0.997
3	1.024	2.989
1	2.675	1.536
2	1.238	1.069
3	0.946	3.239
1	2.72	1.508
2	1.139	1.164
3	0.877	3.469
1	2.757	1.491
2	1.047	1.253
3	0.838	3.661
1	2.783	1.492
2	0.969	1.327
3	0.799	3.835
1	2.786	1.508
2	0.898	1.396
3	0.748	3.972
1	2.782	1.575
2	0.813	1.473
3	0.687	4.129
1	2.777	1.737
2	0.76	1.679
3	0.64	4.26
1	2.757	1.89
2	0.714	1.866
3	0.604	4.369
1	2.747	2.024
2	0.673	2.036
3	0.676	4.352
1	2.758	2.152
2	0.645	2.144
3	0.709	4.38
1	2.761	2.238
2	0.634	2.268
3	0.708	4.428
1	2.765	2.336
2	0.619	2.409
3	0.708	4.482
1	2.749	2.498
2	0.6	2.562
3	0.707	4.527
1	2.766	2.634
2	0.576	2.697
3	0.719	4.557
1	2.81	2.747
2	0.529	2.886
3	0.764	4.561
1	2.841	2.85
2	0.492	3.025
3	0.825	4.505
1	2.86	2.955
2	0.487	3.183
3	0.908	4.43
1	2.883	3.098
2	0.495	3.316
3	1.012	4.334
1	2.872	3.251
2	0.502	3.427
3	1.104	4.252
1	2.862	3.383
2	0.508	3.557
3	1.144	4.15
1	2.854	3.507
2	0.482	3.749
3	1.064	3.974
1	2.873	3.632
2	0.45	3.968
3	1.129	3.882
1	2.885	3.712
2	0.422	4.151
3	1.269	3.79
1	2.922	3.792
2	0.412	4.312
3	1.355	3.713
1	2.961	3.855
2	0.442	4.468
3	1.473	3.594
1	2.977	3.927
2	0.556	4.507
3	1.561	3.504
1	2.982	3.994
2	0.632	4.531
3	1.667	3.397
1	2.977	4.049
2	0.728	4.555
3	1.759	3.295
1	2.964	4.096
2	0.812	4.609
3	1.839	3.198
1	2.948	4.149
2	0.887	4.685
3	1.961	3.062
1	2.934	4.221
2	0.952	4.748
3	2.085	2.925
1	2.941	4.282
2	1.065	4.785
3	2.168	2.821
1	2.965	4.333
2	1.154	4.806
3	2.267	2.703
1	2.982	4.365
2	1.261	4.829
3	2.371	2.58
1	2.983	4.402
2	1.423	4.819
3	2.479	2.454
1	2.959	4.442
2	1.578	4.802
3	2.574	2.311
1	2.914	4.473
2	1.686	4.788
3	2.634	2.219
1	2.874	4.468
2	1.788	4.747
3	2.698	2.106
1	2.824	4.465
2	1.928	4.681
3	2.755	1.989
1	2.786	4.462
2	2.078	4.648
3	2.797	1.892
1	2.716	4.487
2	2.21	4.62
3	2.816	1.811
1	2.636	4.5
2	2.351	4.571
3	2.802	1.735
1	2.537	4.468
2	2.476	4.53
3	2.786	1.686
1	2.449	4.441
2	2.559	4.487
3	2.761	1.635
1	2.359	4.429
2	2.69	4.413
3	2.737	1.595
1	2.29	4.429
2	2.835	4.328
3	2.716	1.427
1	2.195	4.429
2	2.963	4.257
3	2.697	1.286
1	2.108	4.422
2	3.051	4.191
3	2.667	1.215
1	2.032	4.398
2	3.058	4.135
3	2.632	1.104
1	1.951	4.378
2	3.09	4.036
3	2.6	0.93
1	1.848	4.395
2	3.14	3.922
3	2.557	0.832
1	1.755	4.431
2	3.184	3.807
3	2.506	0.764
1	1.651	4.448
2	3.223	3.656
3	2.436	0.707
1	1.559	4.455
2	3.223	3.529
3	2.389	0.67
1	1.468	4.461
2	3.214	3.447
3	2.286	0.679
1	1.424	4.428
2	3.255	3.332
3	2.151	0.734
1	1.397	4.383
2	3.295	3.231
3	2.005	0.808
1	1.414	4.306
2	3.332	3.144
3	1.823	0.901
1	1.434	4.216
2	3.366	3.071
3	1.661	0.983
1	1.429	4.132
2	3.325	2.962
3	1.462	1.077
1	1.358	4.062
2	3.281	2.881
3	1.307	1.13
1	1.301	3.979
2	3.229	2.751
3	1.178	1.191
1	1.264	3.919
2	3.175	2.643
3	1.065	1.311
1	1.196	3.852
2	3.12	2.552
3	0.978	1.423
1	1.129	3.796
2	3.095	2.44
3	0.93	1.502
1	1.072	3.746
2	3.071	2.345
3	0.883	1.592
1	1.023	3.663
2	3.054	2.285
3	0.872	1.667
1	1.018	3.554
2	3.043	2.208
3	0.863	1.769
1	1.015	3.484
2	3.028	2.126
3	0.862	1.867
1	1.024	3.391
2	3.006	2.011
3	0.88	1.948
1	1.035	3.253
2	2.98	1.92
3	0.922	1.969
1	1.045	3.138
2	2.956	1.845
3	1.044	1.918
1	1.033	3.036
2	2.94	1.791
3	1.182	1.844
1	1.006	2.931
2	2.917	1.711
3	1.313	1.772
1	0.988	2.794
2	2.877	1.63
3	1.428	1.711
1	0.973	2.68
2	2.834	1.559
3	1.505	1.726
1	0.96	2.585
2	2.797	1.499
3	1.598	1.742
1	0.948	2.477
2	2.756	1.477
3	1.681	1.755
1	0.939	2.363
2	2.702	1.455
3	1.754	1.785
1	0.939	2.257
2	2.64	1.443
3	1.857	1.802
1	0.939	2.136
2	2.586	1.405
3	1.955	1.807
1	0.937	2.037
2	2.523	1.364
3	2.08	1.802
1	0.925	1.959
2	2.448	1.325
3	2.194	1.8
1	0.914	1.896
2	2.359	1.274
3	2.294	1.81
1	0.905	1.851
2	2.244	1.27
3	2.383	1.818
1	0.899	1.821
2	2.13	1.27
3	2.462	1.823
1	0.891	1.788
2	2.054	1.252
3	2.515	1.829
1	0.883	1.76
2	1.959	1.218
3	2.579	1.836
1	0.875	1.75
2	1.874	1.178
3	2.608	1.815
1	0.872	1.742
2	1.75	1.194
3	2.633	1.797
1	0.872	1.735
2	1.64	1.223
3	2.656	1.781
1	0.956	1.66
2	1.544	1.259
3	2.671	1.772
1	1.056	1.575
2	1.483	1.277
3	2.689	1.761
1	1.144	1.503
2	1.409	1.296
3	2.64	1.747
1	1.265	1.411
2	1.343	1.313
3	2.596	1.735
1	1.393	1.31
2	1.285	1.327
3	2.558	1.717
1	1.515	1.213
2	1.195	1.388
3	2.532	1.686
1	1.604	1.151
2	1.107	1.461
3	2.481	1.652
1	1.729	1.081
2	1.007	1.596
3	2.416	1.623
1	1.864	0.994
2	0.922	1.725
3	2.316	1.606
1	1.992	0.914
2	0.843	1.837
3	2.229	1.569
1	2.11	0.879
2	0.76	1.945
3	2.151	1.532
1	2.2	0.925
2	0.723	2.013
3	2.089	1.487
1	2.321	0.982
2	0.68	2.091
3	1.99	1.441
1	2.42	1.044
2	0.643	2.154
3	1.888	1.419
1	2.513	1.096
2	0.599	2.271
3	1.795	1.399
1	2.612	1.139
2	0.55	2.427
3	1.711	1.382
1	2.7	1.196
2	0.506	2.597
3	1.638	1.366
1	2.761	1.237
2	0.476	2.706
3	1.589	1.356
1	2.832	1.285
2	0.441	2.831
3	1.531	1.345
1	2.894	1.326
2	0.512	2.955
3	1.482	1.335
1	2.949	1.36
2	0.554	3.079
3	1.422	1.35
1	2.694	1.758
2	0.574	3.201
3	1.358	1.374
1	2.718	1.906
2	0.587	3.28
3	1.305	1.401
1	2.757	1.996
2	0.614	3.371
3	1.241	1.466
1	2.815	2.098
2	0.647	3.446
3	1.179	1.538
1	2.876	2.184
2	0.597	3.586
3	1.104	1.618
1	2.928	2.259
2	0.553	3.716
3	1.038	1.733
1	2.97	2.324
2	0.514	3.838
3	0.994	1.818
1	3.007	2.476
2	0.529	3.913
3	0.97	1.915
1	3.042	2.581
2	0.545	4.001
3	0.948	1.995
1	3.111	2.718
2	0.551	4.081
3	0.93	2.063
1	3.195	2.833
2	0.574	4.17
3	0.906	2.212
1	3.277	2.929
2	0.611	4.264
3	0.886	2.363
1	3.349	3.01
2	0.635	4.324
3	0.924	2.441
1	3.337	3.167
2	0.664	4.393
3	1.001	2.517
1	3.321	3.354
2	0.738	4.452
3	1.07	2.582
1	3.3	3.534
2	0.837	4.498
3	1.13	2.635
1	3.282	3.684
2	0.979	4.526
3	1.166	2.742
1	3.303	3.811
2	1.11	4.543
3	1.177	2.855
1	3.333	3.916
2	1.2	4.552
3	1.191	2.983
1	3.283	4.06
2	1.307	4.603
3	1.204	3.101
1	3.223	4.224
2	1.402	4.646
3	1.214	3.229
1	3.17	4.357
2	1.488	4.679
3	1.342	3.358
1	3.123	4.465
2	1.573	4.697
3	1.483	3.467
1	3.097	4.547
2	1.63	4.716
3	1.579	3.558
1	3.088	4.6
2	1.699	4.742
3	1.693	3.661
1	3.086	4.631
2	1.785	4.783
3	1.803	3.758
1	3.083	4.649
2	1.879	4.817
3	1.903	3.865
1	3.06	4.651
2	1.979	4.846
3	2.003	3.955
1	2.981	4.63
2	2.108	4.793
3	2.125	4.03
1	2.912	4.613
2	2.2	4.753
3	2.21	4.081
1	2.815	4.636
2	2.321	4.695
3	2.315	4.14
1	2.725	4.677
2	2.443	4.626
3	2.411	4.186
1	2.618	4.698
2	2.592	4.511
3	2.495	4.217
1	2.523	4.697
2	2.724	4.414
3	2.569	4.24
1	2.439	4.67
2	2.862	4.319
3	2.597	4.256
1	2.364	4.643
2	2.958	4.254
3	2.616	4.275
1	2.304	4.626
2	3.073	4.165
3	2.642	4.281
1	2.209	4.606
2	3.142	4.082
3	2.672	4.27
1	2.08	4.637
2	3.11	4.004
3	2.703	4.246
1	1.952	4.678
2	3.102	3.917
3	2.73	4.195
1	1.758	4.642
2	3.101	3.838
3	2.749	4.162
1	1.588	4.612
2	3.1	3.787
3	2.69	4.117
1	1.494	4.571
2	3.1	3.729
3	2.613	4.078
1	1.396	4.51
2	3.098	3.669
3	2.546	4.045
1	1.309	4.46
2	3.093	3.589
3	2.486	4.018
1	1.232	4.374
2	3.118	3.448
3	2.425	3.959
1	1.124	4.302
2	3.136	3.302
3	2.374	3.869
1	1.016	4.242
2	3.124	3.195
3	2.326	3.789
1	0.99	4.155
2	3.124	3.058
3	2.275	3.707
1	0.959	4.055
2	3.137	2.93
3	2.229	3.522
1	0.931	3.972
2	3.149	2.717
3	2.191	3.33
1	0.824	3.848
2	3.159	2.539
3	2.171	3.202
1	0.729	3.725
2	3.168	2.391
3	2.147	3.031
1	0.665	3.633
2	3.174	2.307
3	2.126	2.867
1	0.564	3.528
2	3.181	2.212
3	2.107	2.73
1	0.498	3.406
2	3.187	2.132
3	2.04	2.578
1	0.471	3.274
2	3.14	2.014
3	1.96	2.439
1	0.492	3.054
2	3.097	1.916
3	1.894	2.351
1	0.511	2.85
2	3.068	1.855
3	1.804	2.255
1	0.524	2.705
2	3.04	1.773
3	1.717	2.179
1	0.539	2.54
2	3.018	1.699
3	1.64	2.116
1	0.544	2.399
2	2.999	1.629
3	1.569	2.064
1	0.525	2.274
2	2.96	1.571
3	1.52	2.03
1	0.556	2.12
2	2.92	1.522
3	1.401	2.056
1	0.597	1.97
2	2.884	1.496
3	1.293	2.077
1	0.625	1.859
2	2.822	1.478
3	1.195	2.095
1	0.682	1.703
2	2.767	1.464
3	1.07	2.151
1	0.781	1.49
2	2.703	1.469
3	0.952	2.171
1	0.867	1.312
2	2.627	1.466
3	0.854	2.131
1	0.944	1.164
2	2.52	1.433
3	0.737	2.084
1	1.017	1.129
2	2.436	1.424
3	0.606	2.075
1	1.067	1.128
2	2.328	1.422
3	0.481	2.076
1	1.165	1.086
2	2.234	1.42
3	0.38	2.097
1	1.254	1.13
2	2.138	1.409
3	0.314	2.168
1	1.337	1.385
2	2.036	1.391
3	0.28	2.227
1	1.405	1.363
2	1.94	1.395
3	0.239	2.31
1	1.463	1.302
2	1.826	1.388
3	0.274	2.379
1	1.54	1.237
2	1.726	1.353
3	0.305	2.437
1	1.669	1.142
2	1.637	1.323
3	0.32	2.512
1	1.783	1.063
2	1.549	1.291
3	0.306	2.616
1	1.885	0.994
2	1.461	1.258
3	0.288	2.741
1	1.975	0.987
2	1.409	1.237
3	0.272	2.849
1	2.035	0.994
2	1.346	1.214
3	0.316	2.961
1	2.12	0.999
2	1.286	1.197
3	0.274	3.138
1	2.232	0.994
2	1.233	1.182
3	0.231	3.32
1	2.335	0.984
2	1.18	1.176
3	0.244	3.454
1	2.428	0.984
2	1.129	1.177
3	0.253	3.607
1	2.509	1.012
2	1.063	1.308
3	0.256	3.735
1	2.592	1.03
2	0.992	1.465
3	0.258	3.905
1	2.709	1.05
2	0.95	1.616
3	0.291	4.066
1	2.811	1.067
2	0.929	1.743
3	0.378	4.169
1	2.903	1.136
2	0.902	1.864
3	0.482	4.287
1	2.968	1.229
2	0.84	2.005
3	0.581	4.384
1	2.975	1.326
2	0.815	2.096
3	0.69	4.459
1	2.836	1.578
2	0.797	2.249
3	0.786	4.553
1	2.828	1.711
2	0.786	2.377
3	0.871	4.64
1	2.9	1.759
2	0.791	2.484
3	0.872	4.702
1	2.964	1.799
2	0.777	2.619
3	0.873	4.772
1	3.004	1.84
2	0.762	2.717
3	0.875	4.831
1	3.051	1.896
2	0.74	2.834
3	1.005	4.752
1	3.092	2.076
2	0.72	2.965
3	1.151	4.652
1	3.14	2.226
2	0.702	3.104
3	1.252	4.582
1	3.193	2.352
2	0.72	3.246
3	1.297	4.538
1	3.215	2.528
2	0.736	3.38
3	1.338	4.487
1	3.224	2.657
2	0.747	3.476
3	1.463	4.351
1	3.234	2.805
2	0.759	3.585
3	1.603	4.216
1	3.249	2.981
2	0.759	3.697
3	1.756	4.083
1	3.233	3.176
2	0.749	3.81
3	1.89	3.938
1	3.191	3.369
2	0.808	3.904
3	1.98	3.845
1	3.153	3.56
2	0.854	3.957
3	2.088	3.739
1	3.122	3.688
2	0.926	4
3	2.207	3.625
1	3.07	3.85
2	1.005	4.08
3	2.312	3.511
1	3.024	3.987
2	1.072	4.166
3	2.404	3.401
1	2.972	4.114
2	1.108	4.254
3	2.442	3.31
1	2.988	4.255
2	1.18	4.327
3	2.472	3.194
1	3.003	4.369
2	1.247	4.365
3	2.539	3.056
1	3.013	4.44
2	1.348	4.387
3	2.589	2.93
1	3.038	4.521
2	1.446	4.406
3	2.625	2.807
1	3.024	4.628
2	1.537	4.435
3	2.65	2.708
1	2.977	4.753
2	1.625	4.5
3	2.688	2.595
1	2.905	4.858
2	1.716	4.519
3	2.749	2.501
1	2.861	4.921
2	1.903	4.489
3	2.813	2.367
1	2.818	4.983
2	2.067	4.463
3	2.873	2.239
1	2.779	5.035
2	2.212	4.45
3	2.901	2.034
1	2.722	5.045
2	2.334	4.447
3	2.914	1.908
1	2.672	5.054
2	2.408	4.456
3	2.916	1.779
1	2.601	5.061
2	2.424	4.488
3	2.917	1.672
1	2.544	5.065
2	2.502	4.461
3	2.919	1.626
1	2.469	5.071
2	2.626	4.381
3	2.917	1.602
1	2.403	5.075
2	2.746	4.292
3	2.909	1.581
1	2.287	5.05
2	2.861	4.197
3	2.904	1.575
1	2.132	5.004
2	2.928	4.132
3	2.897	1.573
1	2.02	4.965
2	2.983	4.048
3	2.885	1.571
1	1.935	4.951
2	3.007	3.978
3	2.854	1.589
1	1.807	4.962
2	3.033	3.897
3	2.797	1.635
1	1.695	4.97
2	3.092	3.767
3	2.732	1.692
1	1.6	4.952
2	3.132	3.656
3	2.655	1.758
