1	2.247	0.143
2	2.091	0.246
3	2.165	0.548
4	2.722	0.577
5	2.163	0.515
6	2.095	0.108
7	2.112	0.477
8	2.132	0.327
9	2.252	0.348
1	2.247	0.144
2	2.09	0.244
3	2.163	0.55
4	2.721	0.579
5	2.162	0.517
6	2.095	0.106
7	2.112	0.477
8	2.128	0.331
9	2.251	0.348
1	2.246	0.147
2	2.089	0.238
3	2.165	0.548
4	2.718	0.582
5	2.16	0.519
6	2.096	0.126
7	2.112	0.478
8	2.118	0.361
9	2.248	0.347
1	2.249	0.146
2	2.088	0.235
3	2.167	0.544
4	2.719	0.58
5	2.157	0.527
6	2.096	0.162
7	2.111	0.48
8	2.105	0.394
9	2.246	0.345
1	2.252	0.143
2	2.088	0.238
3	2.168	0.542
4	2.721	0.578
5	2.153	0.536
6	2.096	0.186
7	2.111	0.481
8	2.096	0.417
9	2.245	0.343
1	2.255	0.138
2	2.089	0.242
3	2.168	0.54
4	2.721	0.576
5	2.15	0.543
6	2.096	0.213
7	2.111	0.48
8	2.091	0.43
9	2.244	0.347
1	2.258	0.129
2	2.092	0.246
3	2.167	0.54
4	2.713	0.575
5	2.148	0.548
6	2.096	0.27
7	2.111	0.479
8	2.084	0.445
9	2.242	0.355
1	2.261	0.121
2	2.09	0.254
3	2.165	0.54
4	2.704	0.574
5	2.145	0.553
6	2.096	0.35
7	2.111	0.478
8	2.094	0.441
9	2.241	0.362
1	2.263	0.115
2	2.089	0.261
3	2.164	0.54
4	2.695	0.574
5	2.143	0.557
6	2.096	0.417
7	2.11	0.48
8	2.116	0.422
9	2.24	0.368
1	2.265	0.109
2	2.086	0.269
3	2.161	0.549
4	2.687	0.574
5	2.141	0.56
6	2.096	0.46
7	2.109	0.483
8	2.136	0.45
9	2.239	0.373
1	2.264	0.101
2	2.084	0.274
3	2.16	0.555
4	2.679	0.573
5	2.14	0.562
6	2.096	0.509
7	2.108	0.485
8	2.149	0.467
9	2.239	0.378
1	2.264	0.096
2	2.081	0.276
3	2.159	0.561
4	2.671	0.573
5	2.139	0.564
6	2.097	0.55
7	2.107	0.487
8	2.165	0.488
9	2.24	0.381
1	2.263	0.09
2	2.08	0.277
3	2.162	0.563
4	2.665	0.573
5	2.139	0.565
6	2.097	0.523
7	2.106	0.49
8	2.184	0.423
9	2.241	0.385
1	2.263	0.086
2	2.081	0.276
3	2.163	0.564
4	2.652	0.574
5	2.138	0.566
6	2.096	0.445
7	2.109	0.494
8	2.201	0.37
9	2.241	0.4
1	2.263	0.082
2	2.082	0.275
3	2.164	0.564
4	2.621	0.58
5	2.135	0.599
6	2.095	0.381
7	2.112	0.498
8	2.215	0.325
9	2.244	0.412
1	2.259	0.089
2	2.082	0.274
3	2.162	0.568
4	2.593	0.585
5	2.132	0.63
6	2.095	0.339
7	2.114	0.501
8	2.23	0.294
9	2.248	0.422
1	2.255	0.096
2	2.087	0.283
3	2.159	0.57
4	2.572	0.555
5	2.129	0.65
6	2.097	0.292
7	2.116	0.503
8	2.239	0.276
9	2.253	0.426
1	2.251	0.104
2	2.092	0.292
3	2.157	0.57
4	2.556	0.498
5	2.131	0.673
6	2.098	0.252
7	2.117	0.505
8	2.251	0.256
9	2.254	0.455
1	2.249	0.109
2	2.091	0.299
3	2.155	0.57
4	2.55	0.456
5	2.142	0.692
6	2.1	0.246
7	2.118	0.505
8	2.262	0.237
9	2.241	0.546
1	2.25	0.113
2	2.09	0.307
3	2.154	0.57
4	2.544	0.407
5	2.153	0.708
6	2.104	0.315
7	2.118	0.503
8	2.273	0.225
9	2.23	0.621
1	2.255	0.114
2	2.089	0.312
3	2.153	0.578
4	2.546	0.359
5	2.162	0.721
6	2.108	0.358
7	2.118	0.534
8	2.283	0.224
9	2.219	0.684
1	2.261	0.113
2	2.086	0.318
3	2.151	0.584
4	2.55	0.327
5	2.2	0.802
6	2.112	0.407
7	2.119	0.559
8	2.289	0.224
9	2.21	0.736
1	2.264	0.113
2	2.086	0.312
3	2.176	0.578
4	2.554	0.33
5	2.226	0.874
6	2.115	0.437
7	2.119	0.58
8	2.297	0.224
9	2.209	0.77
1	2.269	0.112
2	2.086	0.305
3	2.192	0.559
4	2.541	0.338
5	2.257	0.956
6	2.119	0.462
7	2.13	0.589
8	2.305	0.224
9	2.211	0.809
1	2.288	0.107
2	2.087	0.298
3	2.211	0.53
4	2.515	0.349
5	2.284	1.025
6	2.123	0.483
7	2.144	0.6
8	2.312	0.225
9	2.226	0.841
1	2.309	0.1
2	2.088	0.294
3	2.233	0.477
4	2.49	0.361
5	2.308	1.083
6	2.129	0.501
7	2.156	0.609
8	2.317	0.227
9	2.254	0.869
1	2.327	0.139
2	2.088	0.291
3	2.258	0.408
4	2.469	0.345
5	2.329	1.131
6	2.127	0.542
7	2.177	0.656
8	2.321	0.228
9	2.291	0.891
1	2.34	0.195
2	2.089	0.292
3	2.28	0.35
4	2.45	0.262
5	2.347	1.187
6	2.122	0.607
7	2.2	0.707
8	2.323	0.229
9	2.323	0.91
1	2.339	0.265
2	2.089	0.289
3	2.299	0.301
4	2.433	0.193
5	2.36	1.234
6	2.133	0.662
7	2.215	0.74
8	2.326	0.23
9	2.351	1.006
1	2.336	0.327
2	2.088	0.285
3	2.312	0.27
4	2.418	0.148
5	2.386	1.279
6	2.153	0.697
7	2.248	0.761
8	2.324	0.311
9	2.389	1.166
1	2.334	0.378
2	2.086	0.282
3	2.325	0.236
4	2.398	0.098
5	2.441	1.295
6	2.18	0.735
7	2.283	0.793
8	2.321	0.378
9	2.407	1.315
1	2.327	0.423
2	2.081	0.282
3	2.334	0.212
4	2.361	0.075
5	2.49	1.309
6	2.197	0.797
7	2.317	0.872
8	2.319	0.422
9	2.423	1.463
1	2.319	0.462
2	2.072	0.28
3	2.342	0.19
4	2.329	0.056
5	2.533	1.32
6	2.219	0.867
7	2.346	0.937
8	2.307	0.421
9	2.456	1.595
1	2.313	0.488
2	2.055	0.268
3	2.35	0.223
4	2.301	0.042
5	2.552	1.302
6	2.237	0.925
7	2.37	0.995
8	2.285	0.421
9	2.538	1.705
1	2.305	0.516
2	2.039	0.192
3	2.356	0.266
4	2.25	0.03
5	2.569	1.287
6	2.26	0.99
7	2.38	1.038
8	2.266	0.42
9	2.591	1.778
1	2.298	0.54
2	2.026	0.108
3	2.362	0.289
4	2.2	0.038
5	2.583	1.247
6	2.282	1.048
7	2.392	1.087
8	2.249	0.42
9	2.652	1.863
1	2.289	0.559
2	1.987	0.086
3	2.369	0.315
4	2.102	0.089
5	2.596	1.19
6	2.296	1.086
7	2.403	1.128
8	2.166	0.457
9	2.729	1.94
1	2.287	0.572
2	1.94	0.075
3	2.376	0.35
4	2.015	0.131
5	2.608	1.143
6	2.355	1.117
7	2.479	1.201
8	2.092	0.488
9	2.814	2.005
1	2.287	0.579
2	1.9	0.103
3	2.381	0.383
4	1.923	0.185
5	2.58	1.103
6	2.413	1.14
7	2.546	1.263
8	2.043	0.508
9	2.833	2.136
1	2.287	0.581
2	1.863	0.126
3	2.39	0.41
4	1.827	0.249
5	2.551	1.077
6	2.465	1.158
7	2.591	1.302
8	1.979	0.531
9	2.845	2.22
1	2.282	0.589
2	1.812	0.201
3	2.397	0.468
4	1.762	0.29
5	2.463	1.094
6	2.514	1.174
7	2.644	1.431
8	1.907	0.566
9	2.896	2.316
1	2.263	0.61
2	1.776	0.249
3	2.402	0.505
4	1.681	0.342
5	2.385	1.108
6	2.553	1.193
7	2.712	1.539
8	1.806	0.777
9	2.951	2.449
1	2.247	0.632
2	1.733	0.304
3	2.409	0.547
4	1.595	0.401
5	2.317	1.119
6	2.576	1.209
7	2.791	1.629
8	1.717	0.953
9	3	2.609
1	2.231	0.654
2	1.669	0.379
3	2.417	0.583
4	1.52	0.451
5	2.256	1.129
6	2.603	1.227
7	2.821	1.761
8	1.694	1.054
9	3.043	2.742
1	2.221	0.668
2	1.609	0.444
3	2.416	0.621
4	1.445	0.502
5	2.167	1.142
6	2.623	1.271
7	2.848	1.893
8	1.719	1.085
9	3.081	2.881
1	2.215	0.678
2	1.573	0.481
3	2.428	0.64
4	1.353	0.571
5	2.079	1.12
6	2.629	1.389
7	2.866	1.994
8	1.749	1.122
9	3.106	2.971
1	2.227	0.668
2	1.541	0.512
3	2.445	0.645
4	1.296	0.611
5	1.974	1.095
6	2.634	1.487
7	2.887	2.109
8	1.775	1.152
9	3.136	3.072
1	2.237	0.664
2	1.52	0.555
3	2.465	0.72
4	1.243	0.644
5	1.881	1.075
6	2.641	1.572
7	2.906	2.203
8	1.82	1.191
9	3.177	3.207
1	2.246	0.674
2	1.495	0.662
3	2.482	0.804
4	1.195	0.672
5	1.799	1.057
6	2.65	1.635
7	2.922	2.277
8	1.866	1.227
9	3.218	3.334
1	2.261	0.676
2	1.491	0.731
3	2.498	0.874
4	1.153	0.674
5	1.723	1.043
6	2.661	1.706
7	2.87	2.403
8	1.881	1.269
9	3.254	3.44
1	2.272	0.675
2	1.493	0.804
3	2.549	0.932
4	1.114	0.662
5	1.664	1.047
6	2.647	1.791
7	2.81	2.509
8	1.888	1.326
9	3.284	3.528
1	2.285	0.674
2	1.495	0.885
3	2.593	0.99
4	1.081	0.636
5	1.573	1.083
6	2.567	1.989
7	2.761	2.576
8	1.894	1.375
9	3.305	3.58
1	2.299	0.68
2	1.521	0.941
3	2.622	1.034
4	1.058	0.619
5	1.512	1.095
6	2.497	2.155
7	2.702	2.653
8	1.881	1.302
9	3.331	3.639
1	2.316	0.703
2	1.549	1.005
3	2.657	1.083
4	0.932	0.703
5	1.464	1.098
6	2.449	2.261
7	2.65	2.709
8	1.856	1.195
9	3.345	3.689
1	2.327	0.723
2	1.566	1.059
3	2.692	1.133
4	0.82	0.772
5	1.421	1.101
6	2.45	2.382
7	2.588	2.733
8	1.835	1.105
9	3.365	3.731
1	2.326	0.744
2	1.607	1.076
3	2.737	1.199
4	0.723	0.831
5	1.397	1.125
6	2.423	2.512
7	2.532	2.753
8	1.811	1.048
9	3.412	3.765
1	2.324	0.757
2	1.652	1.082
3	2.802	1.254
4	0.671	0.843
5	1.384	1.146
6	2.375	2.647
7	2.495	2.766
8	1.739	1.032
9	3.442	3.789
1	2.339	0.769
2	1.692	1.086
3	2.833	1.33
4	0.641	0.837
5	1.368	1.169
6	2.332	2.809
7	2.424	2.765
8	1.676	1.019
9	3.479	3.809
1	2.353	0.779
2	1.723	1.084
3	2.834	1.398
4	0.631	0.821
5	1.362	1.185
6	2.325	2.941
7	2.313	2.813
8	1.632	1.089
9	3.511	3.82
1	2.366	0.788
2	1.76	1.064
3	2.815	1.502
4	0.62	0.848
5	1.359	1.196
6	2.343	3.023
7	2.187	2.885
8	1.589	1.147
9	3.567	3.799
1	2.377	0.815
2	1.792	1.029
3	2.797	1.598
4	0.618	0.871
5	1.356	1.206
6	2.278	3.208
7	2.035	2.987
8	1.558	1.185
9	3.644	3.754
1	2.392	0.838
2	1.81	1.012
3	2.793	1.677
4	0.598	0.921
5	1.36	1.214
6	2.194	3.393
7	1.933	2.981
8	1.545	1.213
9	3.707	3.72
1	2.406	0.852
2	1.826	0.966
3	2.751	1.783
4	0.564	0.991
5	1.364	1.219
6	2.12	3.55
7	1.811	2.931
8	1.557	1.225
9	3.747	3.666
1	2.415	0.877
2	1.836	0.928
3	2.715	1.861
4	0.542	1.036
5	1.416	1.178
6	2.055	3.681
7	1.703	2.889
8	1.591	1.261
9	3.833	3.563
1	2.416	0.905
2	1.84	0.865
3	2.657	1.952
4	0.516	1.087
5	1.469	1.143
6	2.042	3.813
7	1.595	2.872
8	1.621	1.292
9	3.944	3.441
1	2.432	0.906
2	1.82	0.83
3	2.606	2.031
4	0.513	1.111
5	1.52	1.114
6	2.041	3.947
7	1.487	2.876
8	1.652	1.304
9	3.963	3.311
1	2.447	0.937
2	1.741	0.864
3	2.558	2.097
4	0.511	1.132
5	1.566	1.086
6	2.04	4.099
7	1.392	2.879
8	1.718	1.298
9	3.895	3.179
1	2.462	0.99
2	1.672	0.878
3	2.455	2.237
4	0.505	1.176
5	1.607	1.063
6	2.035	4.238
7	1.324	2.883
8	1.776	1.305
9	3.826	3.068
1	2.496	1.024
2	1.61	0.876
3	2.364	2.354
4	0.489	1.29
5	1.634	1.048
6	2.019	4.384
7	1.216	2.854
8	1.827	1.313
9	3.788	2.988
1	2.548	1.05
2	1.563	0.874
3	2.303	2.429
4	0.479	1.363
5	1.667	1.031
6	2.016	4.493
7	1.122	2.83
8	1.869	1.297
9	3.762	2.876
1	2.605	1.06
2	1.489	0.873
3	2.18	2.567
4	0.484	1.463
5	1.695	1.019
6	2.017	4.561
7	1.039	2.809
8	1.902	1.261
9	3.74	2.782
1	2.637	1.13
2	1.396	0.901
3	2.071	2.685
4	0.541	1.593
5	1.717	1.009
6	2.033	4.633
7	0.967	2.791
8	1.916	1.238
9	3.671	2.662
1	2.648	1.243
2	1.285	0.966
3	1.975	2.785
4	0.514	1.804
5	1.737	1.001
6	2.039	4.694
7	0.903	2.742
8	1.937	1.208
9	3.613	2.562
1	2.705	1.338
2	1.181	1.057
3	1.826	2.937
4	0.466	2.011
5	1.754	0.994
6	2.042	4.745
7	0.874	2.689
8	1.956	1.182
9	3.574	2.497
1	2.743	1.399
2	1.078	1.187
3	1.694	3.058
4	0.434	2.144
5	1.765	0.989
6	2.042	4.789
7	0.875	2.576
8	1.972	1.161
9	3.495	2.416
1	2.776	1.548
2	1	1.307
3	1.605	3.131
4	0.431	2.316
5	1.782	0.981
6	2.042	4.828
7	0.869	2.481
8	2.001	1.128
9	3.416	2.311
1	2.816	1.686
2	0.907	1.444
3	1.528	3.188
4	0.462	2.477
5	1.798	0.983
6	2.041	4.852
7	0.86	2.402
8	2.023	1.103
9	3.345	2.126
1	2.86	1.813
2	0.847	1.558
3	1.501	3.227
4	0.49	2.613
5	1.814	1.012
6	2.067	4.856
7	0.853	2.336
8	2.052	1.091
9	3.258	1.972
1	2.9	1.919
2	0.813	1.677
3	1.507	3.26
4	0.508	2.762
5	1.828	1.036
6	2.09	4.859
7	0.817	2.311
8	2.073	1.096
9	3.168	1.848
1	2.934	2.035
2	0.792	1.784
3	1.34	3.47
4	0.518	2.924
5	1.842	1.047
6	2.111	4.862
7	0.786	2.303
8	2.091	1.129
9	3.098	1.779
1	2.957	2.116
2	0.795	1.853
3	1.24	3.604
4	0.549	3.035
5	1.862	1.057
6	2.205	4.882
7	0.749	2.293
8	2.108	1.155
9	3.014	1.701
1	3.022	2.208
2	0.773	1.977
3	1.153	3.757
4	0.603	3.162
5	1.879	1.065
6	2.289	4.898
7	0.731	2.206
8	2.161	1.151
9	2.939	1.636
1	3.055	2.321
2	0.728	2.124
3	1.073	3.888
4	0.574	3.349
5	1.904	1.104
6	2.345	4.909
7	0.721	2.109
8	2.207	1.141
9	2.802	1.569
1	3.077	2.427
2	0.689	2.246
3	1.002	3.998
4	0.548	3.505
5	1.953	1.147
6	2.434	4.905
7	0.748	1.99
8	2.299	1.13
9	2.68	1.514
1	3.096	2.515
2	0.654	2.349
3	0.939	4.113
4	0.525	3.636
5	1.997	1.183
6	2.52	4.898
7	0.766	1.914
8	2.39	1.111
9	2.598	1.479
1	3.1	2.592
2	0.692	2.435
3	0.884	4.276
4	0.505	3.745
5	2.061	1.232
6	2.596	4.892
7	0.788	1.827
8	2.479	1.086
9	2.501	1.401
1	3.101	2.693
2	0.704	2.508
3	0.843	4.379
4	0.506	3.843
5	2.158	1.304
6	2.771	4.81
7	0.817	1.742
8	2.582	1.116
9	2.38	1.339
1	3.128	2.878
2	0.681	2.637
3	0.799	4.498
4	0.54	4.021
5	2.288	1.319
6	2.948	4.718
7	0.846	1.688
8	2.673	1.155
9	2.242	1.29
1	3.152	3.034
2	0.629	2.778
3	0.778	4.597
4	0.533	4.17
5	2.378	1.328
6	3.067	4.659
7	0.873	1.656
8	2.734	1.191
9	2.122	1.249
1	3.177	3.164
2	0.553	2.928
3	0.857	4.578
4	0.531	4.274
5	2.435	1.333
6	3.209	4.592
7	0.896	1.629
8	2.821	1.231
9	2.003	1.23
1	3.153	3.32
2	0.486	3.131
3	0.947	4.531
4	0.575	4.301
5	2.483	1.338
6	3.224	4.564
7	0.912	1.612
8	2.902	1.265
9	1.891	1.251
1	3.127	3.431
2	0.441	3.315
3	1	4.491
4	0.613	4.3
5	2.516	1.341
6	3.221	4.529
7	0.939	1.608
8	2.974	1.293
9	1.758	1.274
1	3.114	3.557
2	0.441	3.562
3	1.027	4.494
4	0.628	4.3
5	2.555	1.344
6	3.275	4.442
7	0.985	1.645
8	3.003	1.419
9	1.641	1.294
1	3.156	3.662
2	0.475	3.78
3	1.038	4.515
4	0.617	4.299
5	2.59	1.305
6	3.322	4.369
7	1.025	1.677
8	3.022	1.499
9	1.533	1.298
1	3.173	3.769
2	0.523	3.962
3	1.149	4.408
4	0.631	4.273
5	2.621	1.26
6	3.353	4.322
7	1.061	1.703
8	3.014	1.589
9	1.438	1.296
1	3.186	3.859
2	0.57	4.108
3	1.279	4.28
4	0.668	4.219
5	2.648	1.222
6	3.333	4.251
7	1.207	1.655
8	2.969	1.69
9	1.358	1.297
1	3.19	3.933
2	0.626	4.213
3	1.391	4.176
4	0.744	4.111
5	2.669	1.194
6	3.314	4.192
7	1.31	1.632
8	2.851	1.84
9	1.305	1.299
1	3.164	4.011
2	0.663	4.28
3	1.462	4.114
4	0.811	4.02
5	2.683	1.173
6	3.307	4.12
7	1.434	1.605
8	2.748	1.956
9	1.24	1.301
1	3.132	4.1
2	0.725	4.339
3	1.547	4.036
4	0.856	3.962
5	2.699	1.143
6	3.325	3.996
7	1.559	1.578
8	2.657	2.028
9	1.184	1.303
1	3.047	4.145
2	0.795	4.372
3	1.622	3.966
4	0.872	3.854
5	2.66	1.145
6	3.281	3.917
7	1.685	1.542
8	2.595	2.046
9	1.134	1.304
1	2.953	4.174
2	0.856	4.411
3	1.724	3.837
4	0.886	3.763
5	2.603	1.154
6	3.194	3.827
7	1.797	1.512
8	2.522	2.05
9	1.099	1.306
1	2.856	4.209
2	0.911	4.477
3	1.829	3.713
4	0.9	3.657
5	2.542	1.161
6	3.18	3.685
7	1.895	1.487
8	2.434	2.033
9	1.083	1.338
1	2.729	4.273
2	0.979	4.531
3	1.935	3.595
4	0.917	3.462
5	2.462	1.194
6	3.184	3.523
7	1.983	1.477
8	2.348	2.014
9	1.077	1.393
1	2.643	4.313
2	1.029	4.566
3	2.019	3.465
4	0.929	3.331
5	2.409	1.193
6	3.204	3.347
7	2.087	1.465
8	2.266	1.984
9	1.071	1.44
1	2.53	4.359
2	1.151	4.542
3	2.128	3.309
4	0.943	3.182
5	2.346	1.136
6	3.235	3.201
7	2.179	1.454
8	2.174	1.923
9	1.023	1.552
1	2.427	4.368
2	1.258	4.566
3	2.205	3.178
4	0.932	3.058
5	2.289	1.088
6	3.255	3.093
7	2.274	1.461
8	2.101	1.884
9	0.971	1.656
1	2.324	4.366
2	1.353	4.628
3	2.297	3.043
4	0.909	2.962
5	2.233	1.048
6	3.279	2.962
7	2.356	1.477
8	2.008	1.839
9	0.925	1.742
1	2.195	4.405
2	1.495	4.68
3	2.387	2.917
4	0.877	2.803
5	2.163	0.973
6	3.338	2.798
7	2.412	1.487
8	1.926	1.802
9	0.89	1.888
1	2.07	4.404
2	1.621	4.723
3	2.469	2.799
4	0.849	2.643
5	2.116	0.925
6	3.392	2.593
7	2.483	1.501
8	1.802	1.828
9	0.845	2.109
1	1.986	4.393
2	1.705	4.751
3	2.524	2.718
4	0.823	2.541
5	2.06	0.87
6	3.443	2.36
7	2.552	1.515
8	1.645	1.903
9	0.806	2.294
1	1.885	4.38
2	1.818	4.769
3	2.589	2.622
4	0.8	2.415
5	1.916	0.916
6	3.476	2.21
7	2.613	1.527
8	1.543	1.978
9	0.771	2.448
1	1.812	4.347
2	1.95	4.772
3	2.644	2.543
4	0.803	2.285
5	1.789	0.934
6	3.507	2.036
7	2.666	1.537
8	1.422	2.064
9	0.788	2.584
1	1.7	4.32
2	2.096	4.763
3	2.692	2.476
4	0.836	2.177
5	1.677	0.931
6	3.493	1.897
7	2.703	1.608
8	1.315	2.136
9	0.848	2.704
1	1.585	4.297
2	2.224	4.758
3	2.664	2.482
4	0.869	2.074
5	1.578	0.928
6	3.481	1.739
7	2.726	1.668
8	1.173	2.268
9	0.888	2.78
1	1.464	4.3
2	2.309	4.755
3	2.495	2.618
4	0.885	1.978
5	1.511	0.927
6	3.47	1.595
7	2.78	1.736
8	1.035	2.398
9	0.936	2.868
1	1.369	4.316
2	2.408	4.751
3	2.443	2.602
4	0.895	1.917
5	1.431	0.925
6	3.461	1.474
7	2.827	1.794
8	0.904	2.518
9	0.978	2.941
1	1.232	4.335
2	2.495	4.734
3	2.564	2.408
4	0.903	1.851
5	1.294	1.085
6	3.484	1.417
7	2.868	1.841
8	0.815	2.625
9	1.015	3.002
1	1.158	4.302
2	2.55	4.72
3	2.666	2.245
4	0.898	1.809
5	1.187	1.204
6	3.512	1.355
7	2.906	1.881
8	0.732	2.746
9	1.023	3.143
1	1.135	4.229
2	2.578	4.708
3	2.743	2.108
4	0.908	1.773
5	1.105	1.29
6	3.537	1.311
7	2.923	1.931
8	0.721	2.848
9	1.029	3.232
1	1.117	4.12
2	2.663	4.584
3	2.799	2.018
4	0.921	1.742
5	1.05	1.345
6	3.559	1.272
7	2.924	1.975
8	0.702	2.944
9	1.045	3.37
1	1.1	4.015
2	2.735	4.478
3	2.866	1.913
4	0.936	1.717
5	0.999	1.426
6	3.564	1.239
7	2.912	2.062
8	0.686	3.019
9	1.069	3.516
1	1.09	3.947
2	2.821	4.357
3	2.914	1.779
4	0.946	1.728
5	0.994	1.546
6	3.536	1.218
7	2.893	2.145
8	0.686	3.049
9	1.12	3.639
1	1.022	3.859
2	2.896	4.255
3	2.95	1.666
4	0.96	1.758
5	0.989	1.645
6	3.505	1.193
7	2.877	2.215
8	0.706	3.082
9	1.175	3.742
1	0.952	3.754
2	2.983	4.117
3	2.967	1.569
4	0.987	1.79
5	1.002	1.708
6	3.478	1.171
7	2.862	2.257
8	0.728	3.128
9	1.234	3.816
1	0.889	3.658
2	3.056	3.984
3	2.982	1.483
4	1.011	1.848
5	1.029	1.796
6	3.454	1.152
7	2.82	2.312
8	0.702	3.214
9	1.296	3.841
1	0.833	3.555
2	3.098	3.899
3	2.993	1.428
4	1.039	1.906
5	1.048	1.852
6	3.413	1.129
7	2.771	2.361
8	0.678	3.295
9	1.37	3.869
1	0.795	3.456
2	3.161	3.788
3	2.989	1.382
4	1.072	1.943
5	1.086	1.901
6	3.359	1.103
7	2.713	2.398
8	0.658	3.388
9	1.435	3.893
1	0.746	3.322
2	3.23	3.682
3	2.982	1.348
4	1.112	1.985
5	1.169	1.904
6	3.322	1.087
7	2.643	2.429
8	0.644	3.448
9	1.492	3.912
1	0.69	3.21
2	3.285	3.532
3	2.975	1.218
4	1.147	2.021
5	1.241	1.931
6	3.268	1.074
7	2.532	2.475
8	0.576	3.584
9	1.542	3.929
1	0.657	3.089
2	3.322	3.406
3	2.935	1.113
4	1.142	2.101
5	1.311	1.954
6	3.194	1.094
7	2.434	2.484
8	0.467	3.76
9	1.576	3.939
1	0.672	2.914
2	3.322	3.301
3	2.868	1.029
4	1.138	2.169
5	1.389	1.956
6	3.128	1.111
7	2.369	2.482
8	0.371	3.906
9	1.617	3.951
1	0.685	2.768
2	3.322	3.233
3	2.796	1.003
4	1.134	2.225
5	1.446	1.953
6	3.053	1.141
7	2.29	2.452
8	0.353	4.027
9	1.652	3.961
1	0.694	2.674
2	3.356	3.12
3	2.711	0.974
4	1.114	2.309
5	1.515	1.948
6	2.97	1.18
7	2.221	2.427
8	0.456	4.066
9	1.707	4.011
1	0.685	2.583
2	3.387	3.025
3	2.604	0.942
4	1.114	2.405
5	1.576	1.944
6	2.915	1.293
7	2.16	2.406
8	0.525	4.091
9	1.778	4.09
1	0.66	2.522
2	3.394	2.849
3	2.51	0.917
4	1.134	2.485
5	1.65	1.973
6	2.849	1.422
7	2.033	2.437
8	0.607	4.111
9	1.841	4.156
1	0.636	2.427
2	3.405	2.696
3	2.377	0.913
4	1.099	2.608
5	1.733	2.007
6	2.791	1.53
7	1.905	2.479
8	0.68	4.119
9	1.895	4.203
1	0.615	2.348
2	3.417	2.566
3	2.276	0.914
4	1.043	2.807
5	1.807	2.036
6	2.713	1.684
7	1.819	2.462
8	0.709	4.126
9	1.992	4.268
1	0.597	2.283
2	3.426	2.483
3	2.156	0.886
4	0.987	3.002
5	1.863	2.059
6	2.635	1.827
7	1.718	2.416
8	0.71	4.192
9	2.096	4.324
1	0.643	2.179
2	3.426	2.319
3	2.041	0.862
4	0.92	3.225
5	1.947	2.087
6	2.583	1.918
7	1.598	2.39
8	0.693	4.275
9	2.198	4.371
1	0.697	2.06
2	3.426	2.176
3	1.93	0.843
4	0.878	3.423
5	2.02	2.111
6	2.508	2.036
7	1.498	2.369
8	0.668	4.374
9	2.305	4.388
1	0.768	1.991
2	3.427	2.04
3	1.771	0.869
4	0.892	3.622
5	2.104	2.11
6	2.438	2.138
7	1.414	2.351
8	0.645	4.458
9	2.414	4.379
1	0.831	1.933
2	3.4	1.89
3	1.631	0.903
4	0.905	3.788
5	2.196	2.091
6	2.377	2.223
7	1.358	2.34
8	0.625	4.529
9	2.488	4.374
1	0.874	1.885
2	3.375	1.785
3	1.537	0.934
4	0.916	3.939
5	2.259	2.097
6	2.269	2.331
7	1.249	2.384
8	0.69	4.547
9	2.566	4.364
1	0.907	1.85
2	3.363	1.648
3	1.428	0.987
4	0.976	4.06
5	2.349	2.107
6	2.159	2.433
7	1.115	2.472
8	0.773	4.55
9	2.609	4.345
1	0.952	1.804
2	3.351	1.534
3	1.335	1.047
4	1.048	4.198
5	2.442	2.118
6	2.084	2.498
7	0.996	2.596
8	0.828	4.552
9	2.646	4.24
1	0.992	1.782
2	3.331	1.425
3	1.236	1.115
4	1.095	4.313
5	2.531	2.128
6	1.978	2.59
7	0.891	2.7
8	0.908	4.559
9	2.683	4.101
1	1.028	1.768
2	3.304	1.33
3	1.132	1.188
4	1.085	4.41
5	2.586	2.138
6	1.836	2.719
7	0.799	2.787
8	0.968	4.586
9	2.708	4.013
1	1.079	1.757
2	3.28	1.239
3	1.087	1.302
4	1.141	4.387
5	2.613	2.149
6	1.71	2.834
7	0.79	2.893
8	0.981	4.664
9	2.737	3.911
1	1.159	1.71
2	3.263	1.171
3	1.047	1.44
4	1.211	4.338
5	2.631	2.144
6	1.6	2.954
7	0.813	3.013
8	0.991	4.729
9	2.739	3.795
1	1.238	1.654
2	3.214	1.095
3	1.024	1.562
4	1.258	4.312
5	2.653	2.139
6	1.565	3.082
7	0.784	3.167
8	1.008	4.776
9	2.734	3.687
1	1.332	1.59
2	3.161	1.031
3	1.003	1.704
4	1.312	4.284
5	2.672	2.134
6	1.556	3.17
7	0.742	3.311
8	1.035	4.789
9	2.729	3.597
1	1.415	1.556
2	3.062	1.022
3	0.998	1.834
4	1.359	4.262
5	2.682	2.109
6	1.481	3.339
7	0.725	3.432
8	1.054	4.795
9	2.656	3.578
1	1.488	1.535
2	2.976	1.015
3	1.033	1.943
4	1.335	4.227
5	2.686	2.082
6	1.426	3.48
7	0.723	3.533
8	1.057	4.793
9	2.557	3.605
1	1.562	1.51
2	2.899	1.004
3	1.056	2.013
4	1.314	4.198
5	2.689	2.064
6	1.387	3.598
7	0.734	3.598
8	1.082	4.764
9	2.438	3.635
1	1.653	1.471
2	2.848	0.985
3	1.083	2.103
4	1.397	4.066
5	2.694	2.038
6	1.352	3.696
7	0.748	3.672
8	1.116	4.714
9	2.318	3.66
1	1.714	1.445
2	2.771	0.963
3	1.107	2.208
4	1.453	3.966
5	2.7	2.009
6	1.311	3.783
7	0.633	3.867
8	1.147	4.665
9	2.197	3.681
1	1.788	1.417
2	2.674	0.941
3	1.154	2.296
4	1.52	3.814
5	2.706	1.972
6	1.302	3.842
7	0.512	4.061
8	1.183	4.618
9	2.09	3.699
1	1.886	1.375
2	2.544	0.913
3	1.21	2.429
4	1.513	3.686
5	2.692	1.941
6	1.293	3.909
7	0.536	4.193
8	1.219	4.559
9	1.996	3.601
1	1.984	1.336
2	2.429	0.889
3	1.252	2.557
4	1.507	3.58
5	2.669	1.92
6	1.258	4.021
7	0.553	4.278
8	1.229	4.497
9	1.932	3.511
1	2.085	1.368
2	2.352	0.874
3	1.334	2.702
4	1.502	3.491
5	2.644	1.917
6	1.203	4.165
7	0.573	4.375
8	1.238	4.446
9	1.824	3.409
1	2.184	1.414
2	2.19	0.912
3	1.416	2.824
4	1.579	3.307
5	2.607	1.913
6	1.154	4.285
7	0.591	4.456
8	1.245	4.382
9	1.702	3.329
1	2.262	1.444
2	2.043	0.945
3	1.488	2.925
4	1.631	3.189
5	2.57	1.91
6	1.123	4.362
7	0.592	4.524
8	1.248	4.327
9	1.578	3.267
1	2.357	1.476
2	1.91	0.972
3	1.522	3.076
4	1.692	3.055
5	2.52	1.908
6	1.087	4.447
7	0.58	4.581
8	1.253	4.264
9	1.469	3.092
1	2.443	1.5
2	1.765	1.023
3	1.538	3.202
4	1.717	2.888
5	2.467	1.915
6	1.055	4.549
7	0.619	4.576
8	1.257	4.207
9	1.373	2.946
1	2.517	1.52
2	1.63	1.074
3	1.557	3.346
4	1.731	2.719
5	2.395	1.949
6	1.027	4.644
7	0.664	4.612
8	1.26	4.147
9	1.309	2.852
1	2.58	1.539
2	1.539	1.085
3	1.634	3.471
4	1.742	2.578
5	2.337	1.944
6	1.003	4.724
7	0.729	4.676
8	1.192	4.169
9	1.271	2.778
1	2.635	1.556
2	1.431	1.043
3	1.701	3.576
4	1.738	2.487
5	2.261	1.924
6	1.014	4.789
7	0.786	4.718
8	1.107	4.21
9	1.251	2.727
1	2.671	1.617
2	1.335	1.008
3	1.794	3.664
4	1.736	2.38
5	2.195	1.907
6	1.029	4.83
7	0.836	4.752
8	1.05	4.236
9	1.233	2.683
1	2.71	1.691
2	1.216	1.026
3	1.881	3.743
4	1.744	2.28
5	2.12	1.91
6	1.047	4.878
7	0.88	4.781
8	0.972	4.266
9	1.203	2.639
1	2.734	1.764
2	1.095	1.058
3	1.929	3.804
4	1.757	2.165
5	2.053	1.912
6	1.07	4.918
7	1.033	4.839
8	0.882	4.312
9	1.176	2.603
1	2.779	1.841
2	1.014	1.078
3	2.013	3.891
4	1.77	2.065
5	1.995	1.914
6	1.141	4.932
7	1.135	4.875
8	0.748	4.408
9	1.157	2.579
1	2.828	1.909
2	0.92	1.171
3	2.16	4.009
4	1.781	1.995
5	1.94	1.893
6	1.204	4.944
7	1.257	4.917
8	0.629	4.488
9	1.136	2.522
1	2.854	1.986
2	0.844	1.271
3	2.291	4.108
4	1.786	1.95
5	1.864	1.868
6	1.317	4.947
7	1.419	4.926
8	0.55	4.539
9	1.117	2.466
1	2.871	2.035
2	0.791	1.354
3	2.405	4.191
4	1.791	1.898
5	1.765	1.847
6	1.407	4.947
7	1.579	4.925
8	0.525	4.479
9	1.134	2.387
1	2.899	2.09
2	0.725	1.49
3	2.506	4.26
4	1.796	1.856
5	1.679	1.829
6	1.53	4.947
7	1.721	4.925
8	0.504	4.437
9	1.159	2.312
1	2.96	2.137
2	0.665	1.629
3	2.586	4.304
4	1.784	1.834
5	1.602	1.814
6	1.638	4.962
7	1.827	4.912
8	0.488	4.408
9	1.2	2.249
1	3.028	2.176
2	0.633	1.728
3	2.663	4.365
4	1.772	1.819
5	1.55	1.805
6	1.734	4.975
7	1.954	4.906
8	0.473	4.384
9	1.232	2.209
1	3.089	2.209
2	0.575	1.862
3	2.683	4.445
4	1.761	1.808
5	1.449	1.837
6	1.818	4.985
7	2.066	4.925
8	0.456	4.363
9	1.271	2.239
1	3.126	2.284
2	0.518	1.998
3	2.7	4.524
4	1.755	1.799
5	1.349	1.858
6	1.923	4.986
7	2.205	4.915
8	0.444	4.35
9	1.305	2.263
1	3.118	2.434
2	0.468	2.162
3	2.697	4.59
4	1.748	1.788
5	1.26	1.829
6	2.059	4.977
7	2.341	4.899
8	0.44	4.323
9	1.335	2.277
1	3.107	2.605
2	0.429	2.303
3	2.683	4.632
4	1.773	1.836
5	1.189	1.804
6	2.179	4.97
7	2.461	4.886
8	0.428	4.31
9	1.361	2.282
1	3.126	2.798
2	0.409	2.433
3	2.671	4.616
4	1.795	1.877
5	1.081	1.833
6	2.287	4.964
7	2.567	4.874
8	0.409	4.307
9	1.384	2.286
1	3.142	2.959
2	0.396	2.516
3	2.662	4.573
4	1.814	1.911
5	0.91	1.957
6	2.391	4.961
7	2.638	4.867
8	0.383	4.314
9	1.4	2.296
1	3.157	3.094
2	0.356	2.636
3	2.654	4.511
4	1.795	2.021
5	0.705	2.098
6	2.465	4.96
7	2.802	4.773
8	0.366	4.336
9	1.421	2.328
1	3.142	3.22
2	0.312	2.762
3	2.648	4.46
4	1.787	2.145
5	0.524	2.216
6	2.564	4.957
7	2.947	4.694
8	0.345	4.404
9	1.432	2.388
1	3.108	3.387
2	0.267	2.892
3	2.643	4.426
4	1.824	2.25
5	0.525	2.237
6	2.651	4.956
7	3.074	4.629
8	0.327	4.46
9	1.439	2.45
1	3.149	3.529
2	0.306	3
3	2.617	4.389
4	1.89	2.337
5	0.526	2.256
6	2.745	4.942
7	3.144	4.525
8	0.337	4.504
9	1.445	2.501
1	3.178	3.648
2	0.326	3.082
3	2.535	4.349
4	1.914	2.457
5	0.532	2.293
6	2.876	4.898
7	3.19	4.459
8	0.371	4.536
9	1.448	2.546
1	3.186	3.748
2	0.333	3.207
3	2.463	4.29
4	1.894	2.601
5	0.549	2.362
6	2.992	4.861
7	3.246	4.383
8	0.401	4.563
9	1.45	2.587
1	3.161	3.869
2	0.316	3.336
3	2.379	4.24
4	1.88	2.694
5	0.57	2.44
6	3.066	4.841
7	3.329	4.284
8	0.432	4.571
9	1.453	2.665
1	3.138	3.956
2	0.294	3.451
3	2.3	4.198
4	1.873	2.817
5	0.6	2.495
6	3.109	4.825
7	3.406	4.178
8	0.53	4.556
9	1.441	2.727
1	3.11	4.054
2	0.275	3.548
3	2.284	4.117
4	1.891	2.969
5	0.662	2.509
6	3.136	4.813
7	3.479	4.069
8	0.628	4.544
9	1.429	2.781
1	3.085	4.122
2	0.262	3.626
3	2.265	4.025
4	1.906	3.097
5	0.716	2.544
6	3.184	4.773
7	3.472	4
8	0.714	4.54
9	1.416	2.828
1	3.055	4.175
2	0.271	3.716
3	2.248	3.908
4	1.933	3.203
5	0.764	2.594
6	3.297	4.659
7	3.452	3.92
8	0.789	4.556
9	1.415	2.859
1	3.02	4.219
2	0.351	3.791
3	2.234	3.775
4	1.992	3.292
5	0.818	2.627
6	3.397	4.564
7	3.4	3.854
8	0.896	4.569
9	1.432	2.892
1	2.961	4.269
2	0.376	3.901
3	2.179	3.663
4	1.981	3.412
5	0.896	2.664
6	3.463	4.503
7	3.375	3.776
8	0.978	4.577
9	1.45	2.918
1	2.891	4.314
2	0.384	4.017
3	2.145	3.547
4	1.938	3.605
5	0.964	2.71
6	3.526	4.451
7	3.363	3.646
8	1.122	4.552
9	1.472	2.932
1	2.829	4.317
2	0.391	4.14
3	2.132	3.456
4	1.9	3.766
5	1.02	2.762
6	3.582	4.391
7	3.356	3.485
8	1.258	4.522
9	1.492	2.943
1	2.755	4.319
2	0.426	4.241
3	2.117	3.294
4	1.814	3.956
5	1.057	2.796
6	3.63	4.325
7	3.351	3.382
8	1.38	4.495
9	1.51	2.953
1	2.666	4.333
2	0.473	4.352
3	2.099	3.141
4	1.723	4.139
5	1.116	2.822
6	3.673	4.27
7	3.346	3.27
8	1.487	4.472
9	1.522	2.959
1	2.54	4.377
2	0.525	4.433
3	2.073	3.014
4	1.642	4.315
5	1.207	2.808
6	3.656	4.148
7	3.341	3.191
8	1.57	4.459
9	1.536	2.967
1	2.449	4.391
2	0.58	4.507
3	2.05	2.907
4	1.647	4.428
5	1.298	2.785
6	3.617	4.051
7	3.336	3.125
8	1.675	4.467
9	1.548	2.973
1	2.324	4.37
2	0.637	4.574
3	2.031	2.814
4	1.689	4.557
5	1.387	2.762
6	3.571	3.942
7	3.291	3.086
8	1.767	4.474
9	1.532	2.962
1	2.213	4.359
2	0.687	4.67
3	1.998	2.65
4	1.794	4.575
5	1.459	2.748
6	3.549	3.85
7	3.136	3.095
8	1.851	4.477
9	1.523	2.907
1	2.116	4.366
2	0.721	4.731
3	1.957	2.513
4	1.905	4.57
5	1.56	2.716
6	3.583	3.735
7	3.031	3.101
8	1.927	4.478
9	1.527	2.862
1	2.015	4.372
2	0.761	4.802
3	1.909	2.403
4	2.02	4.548
5	1.657	2.695
6	3.612	3.64
7	2.907	3.108
8	1.977	4.479
9	1.533	2.833
1	1.918	4.386
2	0.807	4.86
3	1.842	2.327
4	2.097	4.534
5	1.751	2.702
6	3.653	3.459
7	2.778	3.114
8	2.046	4.48
9	1.537	2.799
1	1.844	4.411
2	0.89	4.883
3	1.784	2.196
4	2.172	4.524
5	1.858	2.709
6	3.683	3.339
7	2.66	3.119
8	2.113	4.48
9	1.538	2.77
1	1.733	4.42
2	0.982	4.887
3	1.738	2.096
4	2.19	4.522
5	1.959	2.714
6	3.719	3.203
7	2.544	3.096
8	2.239	4.411
9	1.537	2.746
1	1.615	4.408
2	1.08	4.872
3	1.667	1.982
4	2.206	4.52
5	2.027	2.718
6	3.698	3.073
7	2.442	3.025
8	2.345	4.387
9	1.609	2.649
1	1.562	4.344
2	1.147	4.896
3	1.573	1.92
4	2.252	4.484
5	2.129	2.708
6	3.662	2.943
7	2.314	2.952
8	2.434	4.396
9	1.657	2.587
1	1.516	4.291
2	1.226	4.944
3	1.48	1.848
4	2.323	4.408
5	2.239	2.687
6	3.631	2.789
7	2.193	2.898
8	2.493	4.402
9	1.714	2.516
1	1.475	4.246
2	1.362	4.953
3	1.395	1.704
4	2.37	4.356
5	2.37	2.7
6	3.569	2.66
7	2.087	2.853
8	2.564	4.409
9	1.722	2.456
1	1.421	4.21
2	1.482	4.961
3	1.321	1.583
4	2.415	4.256
5	2.485	2.711
6	3.527	2.577
7	1.983	2.815
8	2.653	4.394
9	1.714	2.405
1	1.377	4.146
2	1.588	4.972
3	1.271	1.506
4	2.45	4.152
5	2.563	2.718
6	3.493	2.46
7	1.88	2.783
8	2.751	4.374
9	1.708	2.362
1	1.359	4.072
2	1.659	4.982
3	1.172	1.458
4	2.481	4.045
5	2.67	2.712
6	3.476	2.341
7	1.811	2.763
8	2.869	4.358
9	1.772	2.326
1	1.343	4.007
2	1.796	4.952
3	1.084	1.417
4	2.508	3.955
5	2.767	2.703
6	3.447	2.216
7	1.701	2.774
8	2.934	4.334
9	1.815	2.303
1	1.298	3.952
2	1.938	4.914
3	1.006	1.384
4	2.488	3.863
5	2.852	2.694
6	3.425	2.104
7	1.524	2.875
8	3.001	4.307
9	1.881	2.28
1	1.245	3.917
2	2.077	4.883
3	0.925	1.368
4	2.442	3.791
5	2.907	2.708
6	3.428	2.032
7	1.369	2.959
8	3.03	4.284
9	1.98	2.265
1	1.196	3.861
2	2.209	4.857
3	0.868	1.361
4	2.38	3.708
5	2.942	2.718
6	3.444	1.938
7	1.213	3.059
8	3.055	4.265
9	2.071	2.252
1	1.158	3.798
2	2.368	4.788
3	0.805	1.358
4	2.304	3.637
5	2.947	2.722
6	3.469	1.847
7	1.059	3.171
8	3.075	4.243
9	2.162	2.24
1	1.124	3.714
2	2.507	4.711
3	0.756	1.361
4	2.237	3.578
5	2.954	2.727
6	3.482	1.691
7	0.923	3.264
8	3.084	4.211
9	2.24	2.233
1	1.114	3.622
2	2.654	4.649
3	0.733	1.363
4	2.259	3.444
5	2.963	2.729
6	3.493	1.561
7	0.823	3.333
8	3.09	4.187
9	2.287	2.233
1	1.111	3.539
2	2.767	4.62
3	0.714	1.365
4	2.292	3.338
5	2.971	2.715
6	3.486	1.452
7	0.684	3.433
8	3.097	4.156
9	2.344	2.25
1	1.113	3.482
2	2.84	4.596
3	0.696	1.366
4	2.294	3.217
5	2.978	2.665
6	3.444	1.384
7	0.561	3.523
8	3.104	4.131
9	2.394	2.28
1	1.125	3.407
2	2.905	4.576
3	0.689	1.449
4	2.31	3.102
5	2.983	2.623
6	3.393	1.306
7	0.479	3.601
8	3.11	4.104
9	2.446	2.305
1	1.169	3.308
2	2.957	4.525
3	0.664	1.561
4	2.336	2.992
5	2.987	2.596
6	3.349	1.242
7	0.478	3.666
8	3.102	4.076
9	2.506	2.354
1	1.219	3.19
2	3.019	4.467
3	0.596	1.702
4	2.375	2.761
5	2.992	2.565
6	3.31	1.201
7	0.477	3.707
8	3.071	4.056
9	2.559	2.395
1	1.263	3.022
2	3.073	4.418
3	0.537	1.82
4	2.405	2.567
5	2.982	2.547
6	3.257	1.152
7	0.48	3.764
8	3.034	4.024
9	2.595	2.422
1	1.251	2.881
2	3.154	4.342
3	0.485	1.919
4	2.424	2.443
5	2.959	2.527
6	3.194	1.097
7	0.491	3.834
8	3.002	3.988
9	2.619	2.471
1	1.206	2.791
2	3.226	4.279
3	0.431	2.045
4	2.447	2.302
5	2.939	2.511
6	3.128	1.081
7	0.519	3.894
8	2.942	3.924
9	2.641	2.512
1	1.141	2.688
2	3.289	4.197
3	0.39	2.157
4	2.471	2.151
5	2.911	2.516
6	3.05	1.048
7	0.559	3.943
8	2.883	3.878
9	2.66	2.546
1	1.081	2.602
2	3.331	4.137
3	0.341	2.284
4	2.49	1.948
5	2.869	2.53
6	2.981	0.978
7	0.594	3.984
8	2.826	3.845
9	2.714	2.613
1	1.027	2.53
2	3.32	4.069
3	0.36	2.444
4	2.506	1.777
5	2.832	2.535
6	2.887	0.919
7	0.616	4.064
8	2.791	3.817
9	2.746	2.665
1	0.994	2.458
2	3.319	4.003
3	0.397	2.582
4	2.512	1.635
5	2.772	2.549
6	2.768	0.891
7	0.641	4.186
8	2.752	3.78
9	2.787	2.724
1	0.953	2.395
2	3.327	3.939
3	0.368	2.763
4	2.51	1.544
5	2.694	2.569
6	2.638	0.887
7	0.672	4.264
8	2.718	3.749
9	2.833	2.774
1	0.905	2.324
2	3.356	3.831
3	0.335	2.893
4	2.501	1.446
5	2.625	2.586
6	2.55	0.885
7	0.711	4.315
8	2.689	3.698
9	2.818	2.873
1	0.862	2.263
2	3.363	3.732
3	0.295	3.042
4	2.493	1.388
5	2.579	2.596
6	2.446	0.882
7	0.758	4.346
8	2.662	3.656
9	2.806	2.956
1	0.824	2.204
2	3.354	3.661
3	0.268	3.2
4	2.489	1.421
5	2.523	2.609
6	2.344	0.879
7	0.799	4.432
8	2.644	3.629
9	2.795	3.025
1	0.791	2.155
2	3.335	3.58
3	0.269	3.402
4	2.487	1.468
5	2.419	2.633
6	2.253	0.877
7	0.826	4.487
8	2.602	3.629
9	2.724	3.126
1	0.812	2.089
2	3.322	3.496
3	0.27	3.571
4	2.485	1.498
5	2.326	2.654
6	2.158	0.873
7	0.888	4.543
8	2.551	3.658
9	2.639	3.241
1	0.836	2.014
2	3.339	3.382
3	0.271	3.679
4	2.486	1.533
5	2.245	2.672
6	2.061	0.867
7	1.023	4.569
8	2.506	3.682
9	2.564	3.338
1	0.858	1.951
2	3.359	3.282
3	0.298	3.823
4	2.477	1.593
5	2.173	2.686
6	1.925	0.881
7	1.142	4.591
8	2.466	3.717
9	2.484	3.427
1	0.887	1.906
2	3.383	3.206
3	0.345	3.962
4	2.469	1.644
5	2.125	2.692
6	1.786	0.912
7	1.246	4.609
8	2.444	3.749
9	2.389	3.525
1	0.929	1.857
2	3.411	3.097
3	0.405	4.077
4	2.462	1.708
5	2.068	2.69
6	1.664	0.905
7	1.438	4.621
8	2.456	3.762
9	2.306	3.607
1	1.004	1.775
2	3.437	2.939
3	0.457	4.189
4	2.456	1.822
5	1.99	2.703
6	1.549	0.899
7	1.585	4.621
8	2.471	3.788
9	2.25	3.659
1	1.059	1.734
2	3.437	2.788
3	0.503	4.296
4	2.451	1.912
5	1.912	2.707
6	1.435	0.906
7	1.76	4.621
8	2.486	3.827
9	2.219	3.642
1	1.136	1.715
2	3.43	2.654
3	0.539	4.365
4	2.446	2.025
5	1.843	2.699
6	1.336	0.935
7	1.914	4.619
8	2.505	3.884
9	2.204	3.605
1	1.206	1.7
2	3.426	2.565
3	0.581	4.443
4	2.496	2.119
5	1.783	2.692
6	1.217	0.969
7	2.055	4.63
8	2.522	3.937
9	2.19	3.574
1	1.31	1.646
2	3.427	2.458
3	0.66	4.491
4	2.489	2.268
5	1.738	2.688
6	1.113	0.996
7	2.191	4.676
8	2.536	3.983
9	2.143	3.488
1	1.414	1.588
2	3.446	2.357
3	0.729	4.532
4	2.467	2.415
5	1.676	2.683
6	1.021	1.02
7	2.279	4.705
8	2.546	4.012
9	2.116	3.371
1	1.515	1.54
2	3.463	2.273
3	0.79	4.593
4	2.448	2.537
5	1.604	2.697
6	0.939	1.039
7	2.384	4.74
8	2.536	4.091
9	2.097	3.296
1	1.585	1.51
2	3.47	2.202
3	0.844	4.668
4	2.475	2.635
5	1.535	2.701
6	0.868	1.055
7	2.476	4.77
8	2.506	4.198
9	2.055	3.21
1	1.686	1.515
2	3.473	2.144
3	0.936	4.734
4	2.532	2.759
5	1.473	2.664
6	0.823	1.086
7	2.558	4.796
8	2.491	4.274
9	2.036	3.138
1	1.775	1.523
2	3.475	2.106
3	1.046	4.814
4	2.501	2.948
5	1.432	2.641
6	0.769	1.134
7	2.654	4.79
8	2.483	4.334
9	2.036	3.079
1	1.873	1.531
2	3.476	1.994
3	1.143	4.883
4	2.477	3.107
5	1.383	2.614
6	0.723	1.175
7	2.808	4.711
8	2.477	4.373
9	2.036	3.029
1	1.983	1.533
2	3.478	1.838
3	1.351	4.858
4	2.459	3.239
5	1.299	2.612
6	0.683	1.208
7	2.911	4.66
8	2.467	4.4
9	2.036	2.985
1	2.089	1.524
2	3.476	1.707
3	1.534	4.836
4	2.405	3.42
5	1.213	2.622
6	0.648	1.237
7	3.034	4.603
8	2.459	4.417
9	2.036	2.93
1	2.161	1.513
2	3.473	1.598
3	1.704	4.809
4	2.368	3.542
5	1.138	2.626
6	0.625	1.255
7	3.165	4.51
8	2.451	4.432
9	2.022	2.883
1	2.247	1.497
2	3.471	1.529
3	1.821	4.789
4	2.325	3.682
5	1.071	2.618
6	0.597	1.273
7	3.28	4.432
8	2.465	4.465
9	2.005	2.844
1	2.331	1.484
2	3.381	1.448
3	1.96	4.774
4	2.359	3.836
5	1.029	2.613
6	0.572	1.282
7	3.352	4.366
8	2.477	4.492
9	1.991	2.811
1	2.406	1.471
2	3.273	1.38
3	2.096	4.791
4	2.379	4.011
5	0.981	2.608
6	0.55	1.29
7	3.334	4.311
8	2.485	4.51
9	2.002	2.757
1	2.475	1.457
2	3.183	1.319
3	2.221	4.813
4	2.365	4.189
5	0.918	2.645
6	0.53	1.296
7	3.321	4.241
8	2.503	4.541
9	2.008	2.712
1	2.518	1.477
2	3.107	1.264
3	2.331	4.832
4	2.355	4.327
5	0.863	2.686
6	0.513	1.299
7	3.304	4.139
8	2.545	4.571
9	2.009	2.631
1	2.567	1.516
2	3.056	1.2
3	2.409	4.831
4	2.344	4.484
5	0.814	2.731
6	0.502	1.301
7	3.289	4.015
8	2.581	4.596
9	2.029	2.524
1	2.62	1.548
2	2.984	1.131
3	2.515	4.799
4	2.339	4.615
5	0.781	2.759
6	0.489	1.303
7	3.271	3.911
8	2.655	4.578
9	2.042	2.44
1	2.696	1.575
2	2.889	1.081
3	2.609	4.772
4	2.349	4.725
5	0.749	2.807
6	0.481	1.301
7	3.248	3.824
8	2.733	4.551
9	2.038	2.385
1	2.754	1.685
2	2.788	1.058
3	2.711	4.728
4	2.348	4.816
5	0.742	2.886
6	0.473	1.3
7	3.231	3.766
8	2.786	4.534
9	2.058	2.274
1	2.829	1.777
2	2.691	1.043
3	2.821	4.672
4	2.338	4.893
5	0.735	2.953
6	0.467	1.278
7	3.206	3.694
8	2.879	4.515
9	2.073	2.203
1	2.896	1.836
2	2.598	1.036
3	2.917	4.566
4	2.331	4.942
5	0.729	3.009
6	0.431	1.345
7	3.183	3.589
8	2.971	4.499
9	2.094	2.122
1	2.998	1.926
2	2.536	1.012
3	2.983	4.497
4	2.358	4.919
5	0.725	3.056
6	0.406	1.388
7	3.151	3.487
8	3.052	4.485
9	2.113	2.054
1	3.108	2.022
2	2.461	0.974
3	3.067	4.413
4	2.415	4.819
5	0.722	3.086
6	0.377	1.436
7	3.089	3.402
8	3.158	4.438
9	2.129	1.998
1	3.224	2.103
2	2.366	0.941
3	3.141	4.325
4	2.466	4.735
5	0.728	3.121
6	0.351	1.477
7	3.024	3.341
8	3.242	4.396
9	2.126	1.95
1	3.327	2.17
2	2.283	0.915
3	3.11	4.217
4	2.485	4.665
5	0.778	3.141
6	0.329	1.487
7	2.981	3.302
8	3.342	4.348
9	2.124	1.911
1	3.392	2.253
2	2.199	0.88
3	2.992	4.094
4	2.512	4.586
5	0.821	3.157
6	0.313	1.476
7	2.929	3.257
8	3.43	4.303
9	2.122	1.885
1	3.382	2.364
2	2.121	0.831
3	2.83	3.992
4	2.57	4.495
5	0.859	3.179
6	0.239	1.541
7	2.865	3.208
8	3.508	4.26
9	2.134	1.842
1	3.352	2.541
2	2.027	0.785
3	2.741	3.906
4	2.655	4.352
5	0.885	3.211
6	0.184	1.596
7	2.803	3.164
8	3.453	4.223
9	2.153	1.787
1	3.311	2.74
2	1.941	0.74
3	2.685	3.755
4	2.745	4.197
5	0.94	3.246
6	0.145	1.641
7	2.748	3.127
8	3.438	4.155
9	2.171	1.736
1	3.274	2.916
2	1.854	0.659
3	2.614	3.629
4	2.824	4.067
5	1.005	3.268
6	0.111	1.84
7	2.625	3.096
8	3.437	4.102
9	2.187	1.693
1	3.29	3.064
2	1.719	0.652
3	2.548	3.52
4	2.894	3.954
5	1.086	3.265
6	0.088	2.013
7	2.499	3.085
8	3.435	4.017
9	2.198	1.665
1	3.313	3.158
2	1.582	0.679
3	2.499	3.42
4	2.941	3.877
5	1.157	3.262
6	0.079	2.129
7	2.349	3.072
8	3.418	3.946
9	2.269	1.637
1	3.274	3.336
2	1.49	0.726
3	2.466	3.329
4	2.938	3.79
5	1.226	3.262
6	0.069	2.26
7	2.217	3.062
8	3.361	3.886
9	2.385	1.604
1	3.22	3.506
2	1.386	0.779
3	2.427	3.158
4	2.935	3.681
5	1.287	3.264
6	0.067	2.37
7	2.101	3.053
8	3.31	3.836
9	2.494	1.614
1	3.171	3.657
2	1.3	0.824
3	2.381	3.017
4	2.949	3.556
5	1.36	3.267
6	0.07	2.539
7	2.002	3.045
8	3.278	3.791
9	2.598	1.657
1	3.164	3.791
2	1.206	0.881
3	2.306	2.902
4	2.961	3.452
5	1.425	3.269
6	0.073	2.68
7	1.897	3.069
8	3.244	3.704
9	2.676	1.708
1	3.158	3.903
2	1.117	0.934
3	2.24	2.679
4	2.979	3.31
5	1.491	3.3
6	0.099	2.804
7	1.748	3.114
8	3.199	3.631
9	2.728	1.747
1	3.139	3.991
2	1.053	0.992
3	2.176	2.458
4	2.997	3.18
5	1.549	3.325
6	0.134	2.888
7	1.616	3.078
8	3.163	3.562
9	2.792	1.809
1	3.113	4.093
2	0.965	1.119
3	2.122	2.329
4	3.019	3.033
5	1.588	3.342
6	0.16	3.001
7	1.501	3.048
8	3.153	3.481
9	2.847	1.86
1	3.084	4.187
2	0.883	1.244
3	2.058	2.175
4	3.038	2.909
5	1.679	3.375
6	0.178	3.111
7	1.398	3.023
8	3.145	3.413
9	2.896	1.907
1	3.058	4.26
2	0.811	1.376
3	2.001	2.04
4	3.054	2.806
5	1.76	3.406
6	0.193	3.232
7	1.367	2.968
8	3.137	3.365
9	2.937	1.981
1	3.038	4.318
2	0.748	1.512
3	1.895	1.892
4	3.061	2.682
5	1.831	3.434
6	0.223	3.342
7	1.346	2.933
8	3.125	3.296
9	2.963	2.035
1	3.023	4.363
2	0.672	1.646
3	1.788	1.784
4	3.078	2.558
5	1.943	3.406
6	0.293	3.458
7	1.321	2.892
8	3.114	3.238
9	2.995	2.096
1	3.002	4.403
2	0.617	1.736
3	1.68	1.707
4	3.116	2.46
5	2.042	3.392
6	0.323	3.55
7	1.315	2.836
8	3.105	3.184
9	3.023	2.147
1	2.977	4.448
2	0.551	1.863
3	1.608	1.658
4	3.148	2.31
5	2.108	3.389
6	0.349	3.668
7	1.301	2.762
8	3.096	3.119
9	3.047	2.189
1	2.94	4.469
2	0.493	1.97
3	1.521	1.577
4	3.172	2.173
5	2.206	3.386
6	0.427	3.706
7	1.253	2.68
8	3.081	3.078
9	3.073	2.237
1	2.888	4.504
2	0.454	2.062
3	1.43	1.508
4	3.198	2.059
5	2.308	3.38
6	0.496	3.761
7	1.211	2.612
8	3.056	3.03
9	3.109	2.31
1	2.825	4.547
2	0.452	2.15
3	1.349	1.45
4	3.221	1.963
5	2.422	3.364
6	0.553	3.814
7	1.183	2.569
8	3.022	2.99
9	3.132	2.356
1	2.782	4.576
2	0.417	2.258
3	1.288	1.391
4	3.237	1.901
5	2.522	3.351
6	0.593	3.825
7	1.149	2.519
8	2.974	2.975
9	3.19	2.429
1	2.673	4.608
2	0.394	2.35
3	1.235	1.383
4	3.256	1.83
5	2.614	3.34
6	0.62	3.832
7	1.11	2.428
8	2.926	2.969
9	3.233	2.526
1	2.578	4.633
2	0.384	2.492
3	1.199	1.408
4	3.272	1.725
5	2.68	3.333
6	0.653	3.841
7	1.073	2.337
8	2.884	2.965
9	3.271	2.607
1	2.494	4.655
2	0.358	2.629
3	1.161	1.459
4	3.285	1.595
5	2.756	3.326
6	0.674	3.857
7	1.042	2.261
8	2.856	2.962
9	3.277	2.715
1	2.399	4.647
2	0.33	2.748
3	1.132	1.524
4	3.297	1.49
5	2.821	3.324
6	0.692	3.87
7	1.034	2.197
8	2.845	2.959
9	3.274	2.828
1	2.309	4.628
2	0.282	2.882
3	1.128	1.578
4	3.305	1.422
5	2.876	3.318
6	0.709	3.881
7	1.02	2.124
8	2.86	2.957
9	3.271	2.92
1	2.248	4.608
2	0.283	2.994
3	1.161	1.586
4	3.295	1.345
5	2.924	3.312
6	0.851	3.757
7	0.972	2.082
8	2.868	2.956
9	3.279	3.033
1	2.167	4.585
2	0.314	3.065
3	1.2	1.592
4	3.267	1.28
5	2.967	3.306
6	0.963	3.662
7	0.93	2.048
8	2.862	2.957
9	3.316	3.145
1	2.089	4.566
2	0.323	3.177
3	1.228	1.597
4	3.223	1.306
5	2.996	3.298
6	1.093	3.55
7	0.892	2.019
8	2.857	2.957
9	3.348	3.254
1	1.979	4.592
2	0.332	3.307
3	1.262	1.601
4	3.164	1.4
5	3.03	3.287
6	1.196	3.448
7	0.844	1.987
8	2.857	2.958
9	3.376	3.345
1	1.885	4.601
2	0.339	3.45
3	1.292	1.605
4	3.127	1.48
5	3.012	3.277
6	1.318	3.33
7	0.811	1.966
8	2.868	2.958
9	3.401	3.421
1	1.828	4.581
2	0.312	3.604
3	1.28	1.714
4	3.102	1.531
5	2.993	3.275
6	1.425	3.232
7	0.772	1.943
8	2.877	2.959
9	3.418	3.469
1	1.759	4.557
2	0.286	3.711
3	1.234	1.901
4	3.07	1.59
5	2.973	3.282
6	1.498	3.168
7	0.845	1.81
8	2.878	2.968
9	3.406	3.569
1	1.69	4.537
2	0.256	3.832
3	1.265	2
4	3.025	1.733
5	2.956	3.3
6	1.599	3.085
7	0.924	1.684
8	2.87	2.983
9	3.365	3.692
1	1.623	4.522
2	0.229	3.933
3	1.339	2.099
4	2.976	1.884
5	2.944	3.311
6	1.704	3.009
7	1.005	1.564
8	2.878	2.993
9	3.33	3.795
1	1.562	4.51
2	0.323	4.021
3	1.405	2.288
4	2.924	2.02
5	2.93	3.324
6	1.796	2.946
7	1.078	1.487
8	2.888	3.015
9	3.285	3.901
1	1.507	4.5
2	0.406	4.098
3	1.463	2.446
4	2.932	2.133
5	2.905	3.332
6	1.878	2.887
7	1.179	1.399
8	2.896	3.063
9	3.245	3.984
1	1.471	4.494
2	0.479	4.163
3	1.564	2.577
4	2.934	2.226
5	2.878	3.333
6	1.97	2.816
7	1.283	1.326
8	2.904	3.101
9	3.198	4.078
1	1.427	4.486
2	0.578	4.206
3	1.66	2.688
4	2.927	2.381
5	2.855	3.335
6	2.071	2.729
7	1.429	1.207
8	2.911	3.132
9	3.157	4.156
1	1.387	4.471
2	0.696	4.266
3	1.731	2.758
4	2.975	2.51
5	2.839	3.336
6	2.191	2.617
7	1.558	1.107
8	2.924	3.158
9	3.12	4.222
1	1.35	4.456
2	0.8	4.35
3	1.78	2.911
4	3.035	2.618
5	2.82	3.337
6	2.299	2.512
7	1.671	1.024
8	2.938	3.19
9	3.088	4.277
1	1.318	4.443
2	0.89	4.392
3	1.79	3.105
4	3.028	2.799
5	2.803	3.337
6	2.396	2.422
7	1.78	1.055
8	2.96	3.227
9	3.059	4.323
1	1.261	4.452
2	0.969	4.402
3	1.829	3.31
4	3.011	2.977
5	2.728	3.292
6	2.481	2.346
7	1.909	1.09
8	2.992	3.258
9	3.04	4.352
1	1.223	4.458
2	1.024	4.408
3	1.863	3.485
4	3.017	3.091
5	2.636	3.276
6	2.538	2.298
7	2.023	1.119
8	3.02	3.284
9	2.975	4.444
1	1.178	4.465
2	1.095	4.414
3	1.885	3.606
4	3.025	3.221
5	2.532	3.283
6	2.6	2.184
7	2.125	1.141
8	3.056	3.312
9	2.875	4.574
1	1.163	4.442
2	1.166	4.412
3	1.944	3.745
4	3.031	3.33
5	2.442	3.287
6	2.654	2.088
7	2.218	1.171
8	3.082	3.331
9	2.796	4.661
1	1.153	4.408
2	1.23	4.433
3	2.024	3.861
4	3.118	3.487
5	2.335	3.291
6	2.701	2.008
7	2.305	1.229
8	3.114	3.354
9	2.731	4.727
1	1.13	4.365
2	1.287	4.52
3	2.079	4.007
4	3.195	3.619
5	2.24	3.295
6	2.779	1.901
7	2.384	1.266
8	3.142	3.37
9	2.674	4.742
1	1.111	4.33
2	1.364	4.593
3	2.113	4.175
4	3.246	3.703
5	2.138	3.288
6	2.83	1.831
7	2.478	1.308
8	3.166	3.381
9	2.635	4.743
1	1.098	4.307
2	1.422	4.639
3	2.135	4.282
4	3.208	3.913
5	2.039	3.265
6	2.874	1.753
7	2.561	1.344
8	3.161	3.359
9	2.59	4.743
1	1.066	4.28
2	1.553	4.628
3	2.162	4.405
4	3.185	4.092
5	1.951	3.246
6	2.894	1.687
7	2.656	1.373
8	3.158	3.345
9	2.553	4.729
1	1.026	4.251
2	1.669	4.633
3	2.347	4.383
4	3.191	4.245
5	1.892	3.234
6	2.879	1.642
7	2.736	1.41
8	3.154	3.33
9	2.507	4.743
1	0.98	4.219
2	1.771	4.653
3	2.492	4.365
4	3.197	4.373
5	1.822	3.214
6	2.864	1.578
7	2.776	1.473
8	3.195	3.272
9	2.452	4.779
1	0.939	4.186
2	1.861	4.669
3	2.604	4.35
4	3.207	4.448
5	1.76	3.182
6	2.843	1.454
7	2.805	1.53
8	3.245	3.187
9	2.403	4.81
1	0.911	4.165
2	1.954	4.678
3	2.73	4.307
4	3.218	4.475
5	1.705	3.155
6	2.83	1.375
7	2.84	1.607
8	3.289	3.094
9	2.371	4.829
1	0.802	4.142
2	2.074	4.687
3	2.821	4.273
4	3.231	4.506
5	1.657	3.133
6	2.804	1.279
7	2.871	1.68
8	3.328	3.017
9	2.333	4.827
1	0.706	4.122
2	2.234	4.637
3	2.973	4.22
4	3.229	4.532
5	1.625	3.119
6	2.752	1.185
7	2.887	1.752
8	3.345	2.967
9	2.3	4.818
1	0.681	4.015
2	2.391	4.579
3	3.106	4.169
4	3.187	4.553
5	1.589	3.084
6	2.706	1.106
7	2.891	1.824
8	3.343	2.904
9	2.271	4.811
1	0.692	3.89
2	2.517	4.529
3	3.224	4.11
4	3.202	4.492
5	1.558	3.039
6	2.653	1.049
7	2.894	1.883
8	3.341	2.849
9	2.131	4.808
1	0.733	3.753
2	2.615	4.488
3	3.237	4.06
4	3.209	4.441
5	1.492	3.03
6	2.573	1.028
7	2.898	1.963
8	3.332	2.803
9	2.007	4.805
1	0.76	3.587
2	2.705	4.437
3	3.219	4.019
4	3.213	4.408
5	1.397	3.051
6	2.519	0.98
7	2.919	2.079
8	3.305	2.764
9	1.924	4.842
1	0.792	3.398
2	2.819	4.371
3	3.208	3.982
4	3.218	4.341
5	1.313	3.067
6	2.454	0.924
7	2.933	2.176
8	3.316	2.699
9	1.82	4.868
1	0.776	3.239
2	2.939	4.293
3	3.194	3.935
4	3.223	4.269
5	1.256	3.078
6	2.389	0.877
7	2.941	2.257
8	3.331	2.644
9	1.714	4.845
1	0.749	3.107
2	3.002	4.228
3	3.142	3.895
4	3.227	4.195
5	1.188	3.091
6	2.315	0.852
7	2.934	2.34
8	3.35	2.567
9	1.559	4.881
1	0.72	2.996
2	3.045	4.173
3	3.118	3.831
4	3.23	4.132
5	1.128	3.101
6	2.214	0.87
7	2.919	2.406
8	3.341	2.503
9	1.415	4.914
1	0.676	2.903
2	3.086	4.102
3	3.156	3.694
4	3.249	4.037
5	1.075	3.11
6	2.109	0.862
7	2.892	2.494
8	3.324	2.449
9	1.344	4.909
1	0.687	2.801
2	3.136	4.022
3	3.191	3.596
4	3.27	3.869
5	1.029	3.117
6	2.035	0.852
7	2.859	2.576
8	3.309	2.404
9	1.26	4.903
1	0.725	2.659
2	3.176	3.952
3	3.24	3.43
4	3.295	3.677
5	0.988	3.123
6	1.917	0.853
7	2.83	2.645
8	3.284	2.383
9	1.181	4.873
1	0.759	2.54
2	3.199	3.888
3	3.286	3.246
4	3.31	3.517
5	0.96	3.127
6	1.795	0.873
7	2.793	2.715
8	3.243	2.363
9	1.109	4.84
1	0.785	2.441
2	3.245	3.808
3	3.332	3.086
4	3.301	3.383
5	0.927	3.131
6	1.669	0.909
7	2.76	2.773
8	3.189	2.346
9	1.047	4.813
1	0.8	2.357
2	3.293	3.724
3	3.373	2.919
4	3.323	3.24
5	0.887	3.207
6	1.518	0.927
7	2.738	2.81
8	3.13	2.345
9	0.973	4.81
1	0.81	2.304
2	3.325	3.649
3	3.41	2.769
4	3.35	3.087
5	1.002	3.287
6	1.417	0.938
7	2.638	2.78
8	3.066	2.357
9	0.919	4.812
1	0.823	2.243
2	3.336	3.518
3	3.434	2.673
4	3.368	2.937
5	1.104	3.353
6	1.297	0.951
7	2.526	2.73
8	3.016	2.354
9	0.927	4.715
1	0.834	2.192
2	3.333	3.393
3	3.438	2.547
4	3.388	2.766
5	1.193	3.409
6	1.191	0.962
7	2.428	2.679
8	2.996	2.326
9	0.957	4.603
1	0.844	2.15
2	3.322	3.289
3	3.418	2.428
4	3.405	2.622
5	1.242	3.466
6	1.109	0.968
7	2.337	2.637
8	2.973	2.294
9	0.967	4.51
1	0.856	2.065
2	3.32	3.187
3	3.422	2.258
4	3.421	2.502
5	1.302	3.534
6	1.051	0.967
7	2.275	2.609
8	2.953	2.267
9	0.881	4.432
1	0.868	1.978
2	3.344	3.064
3	3.42	2.094
4	3.444	2.359
5	1.386	3.559
6	1	0.966
7	2.201	2.578
8	2.923	2.257
9	0.805	4.366
1	0.889	1.909
2	3.359	2.985
3	3.386	1.958
4	3.466	2.237
5	1.46	3.58
6	0.967	1.013
7	2.067	2.626
8	2.897	2.249
9	0.754	4.325
1	0.923	1.822
2	3.37	2.843
3	3.363	1.87
4	3.493	2.098
5	1.528	3.607
6	0.933	1.183
7	1.87	2.75
8	2.879	2.244
9	0.714	4.275
1	0.953	1.736
2	3.359	2.724
3	3.348	1.722
4	3.512	1.947
5	1.599	3.654
6	0.902	1.325
7	1.656	2.901
8	2.814	2.153
9	0.678	4.234
1	0.982	1.664
2	3.358	2.616
3	3.335	1.584
4	3.448	1.789
5	1.647	3.684
6	0.886	1.462
7	1.467	3.027
8	2.743	2.05
9	0.66	4.14
1	1.008	1.603
2	3.364	2.518
3	3.316	1.465
4	3.393	1.656
5	1.704	3.719
6	0.9	1.626
7	1.341	3.108
8	2.68	1.964
9	0.648	4.042
1	1.044	1.549
2	3.073	2.727
3	3.281	1.335
4	3.34	1.549
5	1.754	3.758
6	0.95	1.773
7	1.143	3.302
8	2.615	1.892
9	0.64	3.982
1	1.097	1.477
2	2.955	2.782
3	3.246	1.252
4	3.303	1.483
5	1.82	3.771
6	0.983	1.867
7	1.045	3.465
8	2.556	1.832
9	0.63	3.918
1	1.144	1.417
2	3.004	2.655
3	3.179	1.157
4	3.251	1.466
5	1.899	3.765
6	1.022	1.975
7	1.031	3.601
8	2.515	1.794
9	0.633	3.834
1	1.186	1.367
2	3.047	2.417
3	3.077	1.123
4	3.204	1.469
5	1.975	3.76
6	1.101	2.109
7	1.019	3.714
8	2.467	1.75
9	0.632	3.74
1	1.246	1.307
2	3.062	2.217
3	2.98	1.094
4	3.162	1.472
5	2.035	3.757
6	1.185	2.236
7	1.041	3.801
8	2.434	1.699
9	0.608	3.625
1	1.321	1.241
2	3.054	2.051
3	2.888	1.07
4	3.125	1.507
5	2.129	3.753
6	1.259	2.341
7	1.08	3.85
8	2.43	1.626
9	0.563	3.528
1	1.378	1.257
2	3.046	1.946
3	2.787	1.071
4	3.1	1.536
5	2.227	3.733
6	1.308	2.409
7	1.132	3.901
8	2.426	1.566
9	0.533	3.466
1	1.449	1.276
2	3.036	1.828
3	2.716	1.075
4	3.087	1.57
5	2.314	3.717
6	1.367	2.486
7	1.191	3.929
8	2.423	1.53
9	0.497	3.396
1	1.522	1.292
2	3.027	1.662
3	2.619	1.119
4	3.067	1.622
5	2.39	3.703
6	1.408	2.632
7	1.243	3.952
8	2.421	1.51
9	0.488	3.278
1	1.605	1.285
2	3.019	1.524
3	2.524	1.19
4	3.046	1.671
5	2.403	3.772
6	1.482	2.755
7	1.315	4.055
8	2.452	1.453
9	0.484	3.167
1	1.686	1.278
2	2.995	1.413
3	2.44	1.282
4	3.028	1.713
5	2.431	3.839
6	1.599	2.854
7	1.363	4.121
8	2.479	1.401
9	0.468	3.057
1	1.76	1.283
2	2.925	1.336
3	2.374	1.359
4	3.011	1.831
5	2.49	3.857
6	1.748	2.929
7	1.42	4.195
8	2.503	1.353
9	0.454	2.956
1	1.809	1.287
2	2.865	1.299
3	2.334	1.408
4	2.987	1.939
5	2.543	3.873
6	1.849	3.004
7	1.495	4.232
8	2.524	1.313
9	0.445	2.891
1	1.87	1.291
2	2.791	1.253
3	2.241	1.531
4	2.959	2.062
5	2.585	3.886
6	1.969	3.106
7	1.569	4.254
8	2.569	1.275
9	0.434	2.818
1	1.933	1.3
2	2.718	1.202
3	2.146	1.658
4	2.922	2.207
5	2.613	3.897
6	2.089	3.21
7	1.644	4.276
8	2.615	1.24
9	0.374	2.756
1	1.991	1.304
2	2.641	1.159
3	2.063	1.771
4	2.878	2.365
5	2.631	3.895
6	2.179	3.314
7	1.736	4.353
8	2.669	1.2
9	0.376	2.599
1	2.05	1.3
2	2.561	1.116
3	1.989	1.865
4	2.896	2.498
5	2.652	3.886
6	2.257	3.401
7	1.798	4.403
8	2.717	1.163
9	0.391	2.436
1	2.089	1.314
2	2.468	1.062
3	1.924	1.944
4	2.904	2.617
5	2.672	3.877
6	2.327	3.474
7	1.89	4.44
8	2.759	1.13
9	0.394	2.331
1	2.137	1.33
2	2.38	1.039
3	1.836	2.062
4	2.903	2.699
5	2.689	3.866
6	2.374	3.52
7	2.021	4.418
8	2.861	1.157
9	0.395	2.209
1	2.198	1.337
2	2.275	1.012
3	1.732	2.197
4	2.903	2.825
5	2.699	3.855
6	2.43	3.591
7	2.137	4.401
8	2.948	1.191
9	0.392	2.1
1	2.26	1.348
2	2.182	0.99
3	1.639	2.325
4	2.904	2.948
5	2.693	3.846
6	2.479	3.667
7	2.244	4.396
8	3.004	1.22
9	0.39	2.008
1	2.327	1.357
2	2.1	0.971
3	1.558	2.437
4	2.905	3.067
5	2.683	3.84
6	2.522	3.741
7	2.323	4.41
8	3.054	1.253
9	0.388	1.924
1	2.397	1.365
2	2.028	0.956
3	1.514	2.533
4	2.888	3.186
5	2.666	3.834
6	2.56	3.803
7	2.42	4.427
8	3.093	1.281
9	0.386	1.847
1	2.455	1.36
2	1.965	0.943
3	1.493	2.614
4	2.877	3.274
5	2.651	3.828
6	2.598	3.875
7	2.508	4.441
8	3.126	1.304
9	0.385	1.797
1	2.411	1.545
2	1.87	0.919
3	1.497	2.666
4	2.863	3.402
5	2.638	3.824
6	2.648	3.948
7	2.585	4.452
8	3.122	1.376
9	0.385	1.741
1	2.266	1.876
2	1.757	0.891
3	1.412	2.821
4	2.851	3.51
5	2.616	3.799
6	2.691	4.009
7	2.654	4.456
8	3.12	1.423
9	0.482	1.622
1	2.361	1.785
2	1.662	0.869
3	1.308	2.98
4	2.84	3.625
5	2.581	3.778
6	2.727	4.059
7	2.715	4.453
8	3.116	1.476
9	0.568	1.522
1	2.444	1.708
2	1.577	0.849
3	1.234	2.864
4	2.83	3.791
5	2.524	3.765
6	2.759	4.1
7	2.756	4.452
8	3.082	1.501
9	0.644	1.439
1	2.517	1.643
2	1.503	0.833
3	1.174	2.691
4	2.839	3.91
5	2.457	3.75
6	2.786	4.133
7	2.794	4.466
8	3.04	1.519
9	0.717	1.372
1	2.566	1.608
2	1.415	0.91
3	1.112	2.775
4	2.846	3.986
5	2.397	3.738
6	2.822	4.136
7	2.817	4.494
8	2.997	1.514
9	0.77	1.331
1	2.624	1.569
2	1.314	0.997
3	1.024	2.989
4	2.854	4.074
5	2.332	3.727
6	2.866	4.139
7	2.837	4.517
8	2.959	1.502
9	0.834	1.318
1	2.675	1.536
2	1.238	1.069
3	0.946	3.239
4	2.867	4.154
5	2.274	3.718
6	2.904	4.133
7	2.831	4.562
8	2.914	1.492
9	0.891	1.339
1	2.72	1.508
2	1.139	1.164
3	0.877	3.469
4	2.884	4.224
5	2.223	3.711
6	2.937	4.104
7	2.809	4.589
8	2.86	1.486
9	0.941	1.356
1	2.757	1.491
2	1.047	1.253
3	0.838	3.661
4	2.909	4.283
5	2.092	3.771
6	2.967	4.08
7	2.783	4.62
8	2.788	1.476
9	1.002	1.343
1	2.783	1.492
2	0.969	1.327
3	0.799	3.835
4	2.925	4.32
5	1.928	3.824
6	2.987	4.065
7	2.728	4.631
8	2.709	1.472
9	1.048	1.329
1	2.786	1.508
2	0.898	1.396
3	0.748	3.972
4	2.944	4.363
5	1.784	3.869
6	2.864	4.012
7	2.65	4.628
8	2.62	1.488
9	1.102	1.313
1	2.782	1.575
2	0.813	1.473
3	0.687	4.129
4	2.938	4.399
5	1.658	3.87
6	2.749	3.958
7	2.581	4.625
8	2.542	1.502
9	1.238	1.264
1	2.777	1.737
2	0.76	1.679
3	0.64	4.26
4	2.968	4.391
5	1.548	3.802
6	2.649	3.912
7	2.52	4.623
8	2.473	1.5
9	1.385	1.212
1	2.757	1.89
2	0.714	1.866
3	0.604	4.369
4	3.032	4.338
5	1.474	3.759
6	2.56	3.874
7	2.467	4.621
8	2.427	1.468
9	1.515	1.169
1	2.747	2.024
2	0.673	2.036
3	0.676	4.352
4	3.102	4.261
5	1.384	3.71
6	2.456	3.845
7	2.403	4.641
8	2.374	1.431
9	1.671	1.122
1	2.758	2.152
2	0.645	2.144
3	0.709	4.38
4	3.155	4.185
5	1.303	3.668
6	2.368	3.83
7	2.302	4.65
8	2.33	1.401
9	1.786	1.089
1	2.761	2.238
2	0.634	2.268
3	0.708	4.428
4	3.222	4.082
5	1.232	3.619
6	2.265	3.747
7	2.142	4.674
8	2.292	1.422
9	1.94	1.033
1	2.765	2.336
2	0.619	2.409
3	0.708	4.482
4	3.179	3.996
5	1.182	3.574
6	2.176	3.658
7	2	4.694
8	2.266	1.434
9	2.077	0.986
1	2.749	2.498
2	0.6	2.562
3	0.707	4.527
4	3.142	3.908
5	1.174	3.535
6	2.097	3.584
7	1.85	4.714
8	2.254	1.437
9	2.193	0.946
1	2.766	2.634
2	0.576	2.697
3	0.719	4.557
4	3.115	3.789
5	1.121	3.561
6	2.027	3.495
7	1.699	4.744
8	2.274	1.44
9	2.283	0.912
1	2.81	2.747
2	0.529	2.886
3	0.764	4.561
4	3.091	3.689
5	1.029	3.62
6	1.934	3.421
7	1.573	4.789
8	2.291	1.443
9	2.349	0.924
1	2.841	2.85
2	0.492	3.025
3	0.825	4.505
4	3.067	3.613
5	0.948	3.717
6	1.848	3.374
7	1.424	4.818
8	2.307	1.445
9	2.44	1.025
1	2.86	2.955
2	0.487	3.183
3	0.908	4.43
4	3.019	3.497
5	0.877	3.84
6	1.712	3.365
7	1.292	4.824
8	2.323	1.455
9	2.52	1.11
1	2.883	3.098
2	0.495	3.316
3	1.012	4.334
4	2.976	3.4
5	0.814	3.943
6	1.58	3.371
7	1.175	4.829
8	2.338	1.467
9	2.59	1.18
1	2.872	3.251
2	0.502	3.427
3	1.104	4.252
4	2.969	3.24
5	0.771	4.023
6	1.464	3.376
7	1.119	4.78
8	2.348	1.474
9	2.652	1.239
1	2.862	3.383
2	0.508	3.557
3	1.144	4.15
4	2.99	3.035
5	0.721	4.122
6	1.301	3.357
7	1.112	4.686
8	2.354	1.495
9	2.668	1.277
1	2.854	3.507
2	0.482	3.749
3	1.064	3.974
4	3.008	2.864
5	0.761	4.239
6	1.138	3.335
7	1.107	4.617
8	2.365	1.517
9	2.676	1.338
1	2.873	3.632
2	0.45	3.968
3	1.129	3.882
4	3.021	2.746
5	0.821	4.31
6	1.028	3.321
7	1.085	4.537
8	2.396	1.535
9	2.651	1.44
1	2.885	3.712
2	0.422	4.151
3	1.269	3.79
4	2.993	2.591
5	0.898	4.345
6	0.907	3.34
7	1.049	4.47
8	2.415	1.559
9	2.626	1.613
1	2.922	3.792
2	0.412	4.312
3	1.355	3.713
4	2.956	2.462
5	0.966	4.403
6	0.803	3.387
7	1.017	4.415
8	2.43	1.582
9	2.608	1.783
1	2.961	3.855
2	0.442	4.468
3	1.473	3.594
4	2.931	2.345
5	1.012	4.439
6	0.713	3.442
7	0.99	4.368
8	2.44	1.596
9	2.598	1.925
1	2.977	3.927
2	0.556	4.507
3	1.561	3.504
4	2.932	2.223
5	1.066	4.481
6	0.636	3.532
7	0.971	4.338
8	2.421	1.613
9	2.591	2.017
1	2.982	3.994
2	0.632	4.531
3	1.667	3.397
4	2.943	2.072
5	1.155	4.491
6	0.569	3.649
7	0.953	4.241
8	2.395	1.626
9	2.552	2.149
1	2.977	4.049
2	0.728	4.555
3	1.759	3.295
4	2.961	1.853
5	1.261	4.476
6	0.523	3.734
7	0.938	4.129
8	2.374	1.634
9	2.378	2.389
1	2.964	4.096
2	0.812	4.609
3	1.839	3.198
4	2.97	1.671
5	1.355	4.464
6	0.469	3.83
7	0.925	4.036
8	2.356	1.641
9	2.224	2.589
1	2.948	4.149
2	0.887	4.685
3	1.961	3.062
4	2.955	1.545
5	1.418	4.456
6	0.399	3.935
7	0.848	3.958
8	2.349	1.643
9	2.094	2.757
1	2.934	4.221
2	0.952	4.748
3	2.085	2.925
4	2.934	1.451
5	1.499	4.447
6	0.312	4.049
7	0.855	3.775
8	2.36	1.635
9	1.983	2.902
1	2.941	4.282
2	1.065	4.785
3	2.168	2.821
4	2.916	1.382
5	1.588	4.439
6	0.236	4.144
7	0.859	3.657
8	2.374	1.625
9	1.85	3.068
1	2.965	4.333
2	1.154	4.806
3	2.267	2.703
4	2.904	1.337
5	1.689	4.469
6	0.199	4.233
7	0.865	3.523
8	2.387	1.618
9	1.741	3.204
1	2.982	4.365
2	1.261	4.829
3	2.371	2.58
4	2.89	1.286
5	1.795	4.495
6	0.165	4.351
7	0.869	3.411
8	2.378	1.559
9	1.668	3.31
1	2.983	4.402
2	1.423	4.819
3	2.479	2.454
4	2.906	1.21
5	1.917	4.487
6	0.277	4.449
7	0.873	3.317
8	2.37	1.526
9	1.619	3.399
1	2.959	4.442
2	1.578	4.802
3	2.574	2.311
4	2.92	1.147
5	1.998	4.481
6	0.376	4.532
7	0.877	3.238
8	2.365	1.504
9	1.617	3.473
1	2.914	4.473
2	1.686	4.788
3	2.634	2.219
4	2.933	1.094
5	2.096	4.478
6	0.463	4.601
7	0.897	3.141
8	2.343	1.48
9	1.616	3.52
1	2.874	4.468
2	1.788	4.747
3	2.698	2.106
4	2.951	1.077
5	2.243	4.482
6	0.546	4.645
7	0.914	3.071
8	2.313	1.469
9	1.615	3.575
1	2.824	4.465
2	1.928	4.681
3	2.755	1.989
4	2.962	1.069
5	2.371	4.486
6	0.663	4.677
7	0.966	2.963
8	2.277	1.469
9	1.551	3.692
1	2.786	4.462
2	2.078	4.648
3	2.797	1.892
4	2.976	1.059
5	2.474	4.49
6	0.814	4.653
7	1.013	2.887
8	2.245	1.468
9	1.448	3.856
1	2.716	4.487
2	2.21	4.62
3	2.816	1.811
4	2.981	1.05
5	2.522	4.493
6	0.964	4.702
7	1.054	2.835
8	2.216	1.468
9	1.357	3.992
1	2.636	4.5
2	2.351	4.571
3	2.802	1.735
4	2.989	1.044
5	2.58	4.478
6	1.095	4.742
7	1.124	2.792
8	2.196	1.468
9	1.298	4.08
1	2.537	4.468
2	2.476	4.53
3	2.786	1.686
4	3	1.04
5	2.6	4.45
6	1.211	4.776
7	1.177	2.757
8	2.173	1.467
9	1.23	4.18
1	2.449	4.441
2	2.559	4.487
3	2.761	1.635
4	3.01	1.042
5	2.619	4.426
6	1.297	4.79
7	1.245	2.714
8	2.134	1.473
9	1.19	4.243
1	2.359	4.429
2	2.69	4.413
3	2.737	1.595
4	3.018	1.044
5	2.655	4.386
6	1.42	4.783
7	1.34	2.729
8	2.05	1.492
9	1.168	4.254
1	2.29	4.429
2	2.835	4.328
3	2.716	1.427
4	3.034	1.045
5	2.705	4.332
6	1.528	4.778
7	1.424	2.744
8	1.976	1.507
9	1.155	4.231
1	2.195	4.429
2	2.963	4.257
3	2.697	1.286
4	3.052	1.042
5	2.739	4.295
6	1.668	4.805
7	1.498	2.757
8	1.911	1.519
9	1.133	4.212
1	2.108	4.422
2	3.051	4.191
3	2.667	1.215
4	3.072	1.03
5	2.779	4.261
6	1.811	4.838
7	1.563	2.769
8	1.857	1.525
9	1.109	4.199
1	2.032	4.398
2	3.058	4.135
3	2.632	1.104
4	3.097	0.998
5	2.815	4.239
6	1.954	4.866
7	1.61	2.776
8	1.794	1.533
9	1.066	4.185
1	1.951	4.378
2	3.09	4.036
3	2.6	0.93
4	3.119	0.971
5	2.846	4.221
6	2.05	4.883
7	1.674	2.805
8	1.726	1.541
9	1.028	4.173
1	1.848	4.395
2	3.14	3.922
3	2.557	0.832
4	3.136	0.954
5	2.847	4.206
6	2.177	4.889
7	1.731	2.828
8	1.634	1.553
9	1.002	4.169
1	1.755	4.431
2	3.184	3.807
3	2.506	0.764
4	3.159	0.867
5	2.832	4.211
6	2.327	4.855
7	1.793	2.84
8	1.546	1.522
9	1	4.181
1	1.651	4.448
2	3.223	3.656
3	2.436	0.707
4	3.18	0.795
5	2.773	4.254
6	2.462	4.842
7	1.859	2.842
8	1.449	1.483
9	1.003	4.191
1	1.559	4.455
2	3.223	3.529
3	2.389	0.67
4	3.199	0.734
5	2.721	4.289
6	2.576	4.822
7	1.917	2.841
8	1.384	1.458
9	1.006	4.197
1	1.468	4.461
2	3.214	3.447
3	2.286	0.679
4	3.215	0.684
5	2.669	4.319
6	2.659	4.77
7	1.956	2.841
8	1.307	1.43
9	1.106	4.104
1	1.424	4.428
2	3.255	3.332
3	2.151	0.734
4	3.226	0.651
5	2.606	4.344
6	2.75	4.699
7	2.003	2.841
8	1.265	1.384
9	1.211	4.007
1	1.397	4.383
2	3.295	3.231
3	2.005	0.808
4	3.239	0.614
5	2.51	4.403
6	2.858	4.619
7	2.045	2.839
8	1.25	1.325
9	1.352	3.877
1	1.414	4.306
2	3.332	3.144
3	1.823	0.901
4	3.234	0.593
5	2.445	4.442
6	2.954	4.528
7	2.083	2.838
8	1.237	1.276
9	1.476	3.768
1	1.434	4.216
2	3.366	3.071
3	1.661	0.983
4	3.23	0.574
5	2.364	4.486
6	3.038	4.452
7	2.116	2.836
8	1.229	1.248
9	1.586	3.658
1	1.429	4.132
2	3.325	2.962
3	1.462	1.077
4	3.245	0.559
5	2.292	4.522
6	3.112	4.388
7	2.137	2.835
8	1.218	1.216
9	1.659	3.584
1	1.358	4.062
2	3.281	2.881
3	1.307	1.13
4	3.33	0.466
5	2.229	4.553
6	3.065	4.345
7	2.162	2.834
8	1.242	1.159
9	1.747	3.499
1	1.301	3.979
2	3.229	2.751
3	1.178	1.191
4	3.362	0.407
5	2.174	4.578
6	3.033	4.318
7	2.183	2.834
8	1.263	1.149
9	1.793	3.431
1	1.264	3.919
2	3.175	2.643
3	1.065	1.311
4	3.385	0.339
5	2.117	4.531
6	2.995	4.286
7	2.202	2.834
8	1.281	1.177
9	1.784	3.4
1	1.196	3.852
2	3.12	2.552
3	0.978	1.423
4	3.398	0.284
5	2.037	4.437
6	2.926	4.251
7	2.218	2.833
8	1.326	1.191
9	1.775	3.375
1	1.129	3.796
2	3.095	2.44
3	0.93	1.502
4	3.408	0.238
5	1.878	4.449
6	2.855	4.159
7	2.229	2.831
8	1.354	1.2
9	1.842	3.28
1	1.072	3.746
2	3.071	2.345
3	0.883	1.592
4	3.417	0.2
5	1.737	4.46
6	2.791	4.03
7	2.242	2.829
8	1.378	1.21
9	1.923	3.173
1	1.023	3.663
2	3.054	2.285
3	0.872	1.667
4	3.394	0.174
5	1.608	4.475
6	2.732	3.916
7	2.254	2.827
8	1.399	1.219
9	1.992	3.074
1	1.018	3.554
2	3.043	2.208
3	0.863	1.769
4	3.37	0.15
5	1.475	4.507
6	2.66	3.777
7	2.263	2.826
8	1.356	1.269
9	2.051	2.984
1	1.015	3.484
2	3.028	2.126
3	0.862	1.867
4	3.359	0.143
5	1.387	4.527
6	2.597	3.634
7	2.271	2.825
8	1.261	1.349
9	2.104	2.899
1	1.024	3.391
2	3.006	2.011
3	0.88	1.948
4	3.35	0.137
5	1.281	4.55
6	2.542	3.481
7	2.279	2.823
8	1.176	1.417
9	2.155	2.801
1	1.035	3.253
2	2.98	1.92
3	0.922	1.969
4	3.342	0.126
5	1.208	4.56
6	2.493	3.343
7	2.286	2.822
8	1.119	1.448
9	2.189	2.738
1	1.045	3.138
2	2.956	1.845
3	1.044	1.918
4	3.335	0.105
5	1.151	4.577
6	2.45	3.228
7	2.295	2.82
8	1.041	1.456
9	2.225	2.667
1	1.033	3.036
2	2.94	1.791
3	1.182	1.844
4	3.327	0.081
5	1.149	4.59
6	2.412	3.132
7	2.301	2.818
8	0.971	1.463
9	2.281	2.57
1	1.006	2.931
2	2.917	1.711
3	1.313	1.772
4	3.319	0.053
5	1.182	4.597
6	2.387	3.071
7	2.306	2.817
8	0.91	1.466
9	2.398	2.387
1	0.988	2.794
2	2.877	1.63
3	1.428	1.711
4	3.312	0.006
5	1.197	4.632
6	2.304	2.957
7	2.31	2.815
8	0.858	1.464
9	2.499	2.235
1	0.973	2.68
2	2.834	1.559
3	1.505	1.726
4	3.296	-0.034
5	1.203	4.669
6	2.232	2.863
7	2.313	2.815
8	0.823	1.438
9	2.584	2.113
1	0.96	2.585
2	2.797	1.499
3	1.598	1.742
4	3.278	-0.071
5	1.207	4.722
6	2.168	2.784
7	2.313	2.816
8	0.781	1.391
9	2.633	2.044
1	0.948	2.477
2	2.756	1.477
3	1.681	1.755
4	3.267	-0.102
5	1.212	4.785
6	2.111	2.717
7	2.314	2.818
8	0.741	1.353
9	2.69	1.955
1	0.939	2.363
2	2.702	1.455
3	1.754	1.785
4	3.261	-0.137
5	1.235	4.809
6	2.052	2.677
7	2.314	2.82
8	0.706	1.32
9	2.741	1.872
1	0.939	2.257
2	2.64	1.443
3	1.857	1.802
4	3.269	-0.135
5	1.251	4.825
6	1.929	2.637
7	2.315	2.823
8	0.68	1.288
9	2.744	1.773
1	0.939	2.136
2	2.586	1.405
3	1.955	1.807
4	3.29	-0.051
5	1.27	4.843
6	1.82	2.603
7	2.315	2.827
8	0.675	1.246
9	2.734	1.681
1	0.937	2.037
2	2.523	1.364
3	2.08	1.802
4	3.309	0.019
5	1.292	4.858
6	1.725	2.574
7	2.316	2.829
8	0.671	1.242
9	2.725	1.607
1	0.925	1.959
2	2.448	1.325
3	2.194	1.8
4	3.325	0.078
5	1.314	4.871
6	1.64	2.551
7	2.318	2.829
8	0.666	1.251
9	2.719	1.565
1	0.914	1.896
2	2.359	1.274
3	2.294	1.81
4	3.36	0.118
5	1.334	4.881
6	1.54	2.424
7	2.32	2.829
8	0.663	1.259
9	2.695	1.518
1	0.905	1.851
2	2.244	1.27
3	2.383	1.818
4	3.402	0.163
5	1.427	4.901
6	1.474	2.332
7	2.322	2.83
8	0.668	1.281
9	2.657	1.479
1	0.899	1.821
2	2.13	1.27
3	2.462	1.823
4	3.438	0.201
5	1.509	4.917
6	1.405	2.217
7	2.323	2.83
8	0.68	1.314
9	2.616	1.454
1	0.891	1.788
2	2.054	1.252
3	2.515	1.829
4	3.471	0.248
5	1.605	4.934
6	1.343	2.12
7	2.322	2.832
8	0.699	1.328
9	2.557	1.458
1	0.883	1.76
2	1.959	1.218
3	2.579	1.836
4	3.497	0.29
5	1.713	4.948
6	1.289	2.039
7	2.321	2.834
8	0.749	1.324
9	2.517	1.457
1	0.875	1.75
2	1.874	1.178
3	2.608	1.815
4	3.513	0.319
5	1.816	4.968
6	1.242	1.972
7	2.32	2.835
8	0.788	1.34
9	2.469	1.447
1	0.872	1.742
2	1.75	1.194
3	2.633	1.797
4	3.533	0.347
5	1.906	4.984
6	1.189	1.934
7	2.32	2.835
8	0.817	1.371
9	2.447	1.438
1	0.872	1.735
2	1.64	1.223
3	2.656	1.781
4	3.557	0.368
5	1.981	4.994
6	1.141	1.924
7	2.322	2.834
8	0.843	1.397
9	2.414	1.445
1	0.956	1.66
2	1.544	1.259
3	2.671	1.772
4	3.586	0.383
5	2.08	5.006
6	1.092	1.905
7	2.323	2.833
8	0.873	1.419
9	2.372	1.464
1	1.056	1.575
2	1.483	1.277
3	2.689	1.761
4	3.618	0.396
5	2.212	4.988
6	1.076	1.871
7	2.322	2.836
8	0.897	1.433
9	2.332	1.534
1	1.144	1.503
2	1.409	1.296
3	2.64	1.747
4	3.636	0.404
5	2.329	4.972
6	1.067	1.878
7	2.339	2.842
8	0.861	1.456
9	2.305	1.58
1	1.265	1.411
2	1.343	1.313
3	2.596	1.735
4	3.651	0.414
5	2.432	4.959
6	1.066	1.896
7	2.353	2.847
8	0.808	1.477
9	2.273	1.632
1	1.393	1.31
2	1.285	1.327
3	2.558	1.717
4	3.665	0.422
5	2.515	4.948
6	1.076	1.908
7	2.366	2.853
8	0.762	1.494
9	2.244	1.675
1	1.515	1.213
2	1.195	1.388
3	2.532	1.686
4	3.675	0.429
5	2.586	4.925
6	1.087	1.921
7	2.376	2.858
8	0.721	1.509
9	2.181	1.782
1	1.604	1.151
2	1.107	1.461
3	2.481	1.652
4	3.701	0.364
5	2.707	4.86
6	1.159	1.893
7	2.385	2.863
8	0.685	1.526
9	2.115	1.967
1	1.729	1.081
2	1.007	1.596
3	2.416	1.623
4	3.724	0.31
5	2.873	4.746
6	1.226	1.936
7	2.395	2.862
8	0.654	1.547
9	2.056	2.122
1	1.864	0.994
2	0.922	1.725
3	2.316	1.606
4	3.739	0.275
5	3.019	4.65
6	1.288	2.032
7	2.416	2.851
8	0.617	1.571
9	2.116	2.218
1	1.992	0.914
2	0.843	1.837
3	2.229	1.569
4	3.757	0.235
5	3.147	4.57
6	1.342	2.112
7	2.444	2.854
8	0.584	1.596
9	2.188	2.325
1	2.11	0.879
2	0.76	1.945
3	2.151	1.532
4	3.769	0.178
5	3.261	4.478
6	1.395	2.164
7	2.472	2.861
8	0.555	1.633
9	2.249	2.415
1	2.2	0.925
2	0.723	2.013
3	2.089	1.487
4	3.784	0.132
5	3.337	4.419
6	1.47	2.222
7	2.496	2.867
8	0.534	1.664
9	2.302	2.49
1	2.321	0.982
2	0.68	2.091
3	1.99	1.441
4	3.813	0.117
5	3.428	4.351
6	1.531	2.337
7	2.585	2.872
8	0.52	1.683
9	2.328	2.575
1	2.42	1.044
2	0.643	2.154
3	1.888	1.419
4	3.833	0.108
5	3.357	4.319
6	1.62	2.453
7	2.655	2.874
8	0.569	1.654
9	2.292	2.709
1	2.513	1.096
2	0.599	2.271
3	1.795	1.399
4	3.856	0.097
5	3.247	4.3
6	1.731	2.553
7	2.739	2.875
8	0.612	1.656
9	2.288	2.858
1	2.612	1.139
2	0.55	2.427
3	1.711	1.382
4	3.856	0.078
5	3.151	4.284
6	1.806	2.616
7	2.806	2.875
8	0.65	1.683
9	2.295	3.068
1	2.7	1.196
2	0.506	2.597
3	1.638	1.366
4	3.856	0.033
5	3.042	4.298
6	1.886	2.699
7	2.863	2.88
8	0.674	1.706
9	2.302	3.26
1	2.761	1.237
2	0.476	2.706
3	1.589	1.356
4	3.853	0
5	2.951	4.326
6	1.947	2.777
7	2.915	2.897
8	0.696	1.725
9	2.328	3.42
1	2.832	1.285
2	0.441	2.831
3	1.531	1.345
4	3.725	-0.027
5	2.842	4.358
6	2.001	2.896
7	2.954	2.908
8	0.711	1.737
9	2.37	3.554
1	2.894	1.326
2	0.512	2.955
3	1.482	1.335
4	3.64	-0.044
5	2.728	4.378
6	2.106	2.972
7	3.003	2.921
8	0.759	1.745
9	2.339	3.703
1	2.949	1.36
2	0.554	3.079
3	1.422	1.35
4	3.539	-0.064
5	2.612	4.392
6	2.253	3.015
7	3.039	2.942
8	0.801	1.76
9	2.264	3.911
1	2.694	1.758
2	0.574	3.201
3	1.358	1.374
4	3.461	-0.093
5	2.482	4.404
6	2.352	3.043
7	3.071	2.968
8	0.838	1.773
9	2.199	4.085
1	2.718	1.906
2	0.587	3.28
3	1.305	1.401
4	3.391	-0.121
5	2.385	4.422
6	2.471	3.069
7	3.099	2.99
8	0.887	1.783
9	2.153	4.194
1	2.757	1.996
2	0.614	3.371
3	1.241	1.466
4	3.325	-0.158
5	2.263	4.449
6	2.578	3.075
7	3.127	3.008
8	0.906	1.831
9	2.123	4.252
1	2.815	2.098
2	0.647	3.446
3	1.179	1.538
4	3.267	-0.189
5	2.133	4.46
6	2.672	3.052
7	3.175	3.031
8	0.902	1.889
9	2.094	4.303
1	2.876	2.184
2	0.597	3.586
3	1.104	1.618
4	3.228	-0.209
5	2.002	4.468
6	2.757	3.015
7	3.233	3.057
8	0.895	1.978
9	2.072	4.338
1	2.928	2.259
2	0.553	3.716
3	1.038	1.733
4	3.181	-0.232
5	1.87	4.476
6	2.84	2.959
7	3.284	3.08
8	0.884	2.065
9	2.046	4.378
1	2.97	2.324
2	0.514	3.838
3	0.994	1.818
4	3.14	-0.258
5	1.74	4.496
6	2.895	2.923
7	3.262	3.168
8	0.863	2.149
9	2.023	4.412
1	3.007	2.476
2	0.529	3.913
3	0.97	1.915
4	3.101	-0.273
5	1.644	4.519
6	2.961	2.872
7	3.24	3.237
8	0.845	2.286
9	2.003	4.429
1	3.042	2.581
2	0.545	4.001
3	0.948	1.995
4	3.058	-0.264
5	1.453	4.559
6	3.019	2.802
7	3.195	3.342
8	0.833	2.39
9	1.985	4.413
1	3.111	2.718
2	0.551	4.081
3	0.93	2.063
4	3.017	-0.252
5	1.285	4.592
6	3.085	2.718
7	3.221	3.43
8	0.818	2.508
9	1.937	4.415
1	3.195	2.833
2	0.574	4.17
3	0.906	2.212
4	2.989	-0.228
5	1.137	4.62
6	3.147	2.612
7	3.243	3.508
8	0.812	2.611
9	1.857	4.424
1	3.277	2.929
2	0.611	4.264
3	0.886	2.363
4	2.956	-0.159
5	1.006	4.643
6	3.189	2.482
7	3.263	3.579
8	0.809	2.7
9	1.741	4.408
1	3.349	3.01
2	0.635	4.324
3	0.924	2.441
4	2.914	-0.101
5	0.923	4.65
6	3.249	2.325
7	3.22	3.643
8	0.807	2.775
9	1.607	4.358
1	3.337	3.167
2	0.664	4.393
3	1.001	2.517
4	2.873	-0.053
5	0.889	4.646
6	3.311	2.183
7	3.187	3.688
8	0.82	2.837
9	1.522	4.283
1	3.321	3.354
2	0.738	4.452
3	1.07	2.582
4	2.837	-0.013
5	0.85	4.641
6	3.375	2.054
7	3.148	3.739
8	0.833	2.877
9	1.42	4.18
1	3.3	3.534
2	0.837	4.498
3	1.13	2.635
4	2.806	0.019
5	0.814	4.641
6	3.432	1.931
7	3.111	3.763
8	0.81	2.986
9	1.345	4.105
1	3.282	3.684
2	0.979	4.526
3	1.166	2.742
4	2.76	0.067
5	0.783	4.662
6	3.482	1.785
7	3.082	3.785
8	0.79	3.09
9	1.255	3.998
1	3.303	3.811
2	1.11	4.543
3	1.177	2.855
4	2.688	0.138
5	0.756	4.683
6	3.515	1.692
7	3.066	3.822
8	0.773	3.189
9	1.177	3.909
1	3.333	3.916
2	1.2	4.552
3	1.191	2.983
4	2.655	0.352
5	0.744	4.712
6	3.521	1.56
7	3.059	3.854
8	0.758	3.286
9	1.107	3.834
1	3.283	4.06
2	1.307	4.603
3	1.204	3.101
4	2.64	0.53
5	0.745	4.738
6	3.495	1.427
7	3.056	3.874
8	0.775	3.365
9	0.992	3.713
1	3.223	4.224
2	1.402	4.646
3	1.214	3.229
4	2.636	0.682
5	0.787	4.724
6	3.411	1.316
7	3.053	3.897
8	0.807	3.412
9	0.969	3.528
1	3.17	4.357
2	1.488	4.679
3	1.342	3.358
4	2.624	0.818
5	0.838	4.706
6	3.337	1.224
7	2.999	3.93
8	0.847	3.467
9	0.963	3.39
1	3.123	4.465
2	1.573	4.697
3	1.483	3.467
4	2.617	0.967
5	0.883	4.71
6	3.271	1.146
7	2.92	3.956
8	0.895	3.512
9	0.934	3.232
1	3.097	4.547
2	1.63	4.716
3	1.579	3.558
4	2.622	1.173
5	0.947	4.714
6	3.19	1.089
7	2.85	3.977
8	0.951	3.55
9	0.909	3.101
1	3.088	4.6
2	1.699	4.742
3	1.693	3.661
4	2.666	1.346
5	0.996	4.716
6	3.074	1.029
7	2.804	3.981
8	1.001	3.582
9	0.886	2.991
1	3.086	4.631
2	1.785	4.783
3	1.803	3.758
4	2.706	1.491
5	1.054	4.719
6	2.973	0.979
7	2.718	3.981
8	1.019	3.626
9	0.866	2.898
1	3.083	4.649
2	1.879	4.817
3	1.903	3.865
4	2.74	1.611
5	1.143	4.671
6	2.883	0.938
7	2.643	3.98
8	1.015	3.724
9	0.849	2.821
1	3.06	4.651
2	1.979	4.846
3	2.003	3.955
4	2.792	1.689
5	1.236	4.653
6	2.797	0.903
7	2.582	3.977
8	1.01	3.806
9	0.837	2.772
1	2.981	4.63
2	2.108	4.793
3	2.125	4.03
4	2.853	1.777
5	1.359	4.658
6	2.715	0.873
7	2.529	3.964
8	1.006	3.893
9	0.824	2.7
1	2.912	4.613
2	2.2	4.753
3	2.21	4.081
4	2.906	1.851
5	1.467	4.663
6	2.615	0.902
7	2.482	3.943
8	1.003	3.984
9	0.815	2.595
1	2.815	4.636
2	2.321	4.695
3	2.315	4.14
4	2.902	2.122
5	1.553	4.652
6	2.489	0.941
7	2.437	3.929
8	0.964	4.064
9	0.807	2.508
1	2.725	4.677
2	2.443	4.626
3	2.411	4.186
4	2.898	2.349
5	1.662	4.632
6	2.358	0.986
7	2.35	3.914
8	0.944	4.109
9	0.8	2.435
1	2.618	4.698
2	2.592	4.511
3	2.495	4.217
4	2.895	2.538
5	1.763	4.646
6	2.242	1.024
7	2.289	3.885
8	0.933	4.147
9	0.793	2.374
1	2.523	4.697
2	2.724	4.414
3	2.569	4.24
4	2.893	2.672
5	1.867	4.658
6	2.141	1.056
7	2.248	3.847
8	0.936	4.171
9	0.853	2.298
1	2.439	4.67
2	2.862	4.319
3	2.597	4.256
4	2.901	2.825
5	1.974	4.667
6	2.051	1.082
7	2.212	3.815
8	0.954	4.188
9	0.951	2.201
1	2.364	4.643
2	2.958	4.254
3	2.616	4.275
4	2.939	2.954
5	2.069	4.69
6	1.991	1.099
7	2.188	3.788
8	1.003	4.203
9	1.041	2.117
1	2.304	4.626
2	3.073	4.165
3	2.642	4.281
4	2.915	3.13
5	2.136	4.706
6	1.919	1.118
7	2.16	3.742
8	1.036	4.212
9	1.166	2.027
1	2.209	4.606
2	3.142	4.082
3	2.672	4.27
4	2.885	3.259
5	2.227	4.727
6	1.804	1.127
7	2.142	3.637
8	1.076	4.222
9	1.317	1.914
1	2.08	4.637
2	3.11	4.004
3	2.703	4.246
4	2.849	3.406
5	2.307	4.745
6	1.702	1.116
7	2.129	3.53
8	1.185	4.278
9	1.45	1.819
1	1.952	4.678
2	3.102	3.917
3	2.73	4.195
4	2.816	3.533
5	2.409	4.736
6	1.612	1.107
7	2.117	3.44
8	1.28	4.325
9	1.54	1.759
1	1.758	4.642
2	3.101	3.838
3	2.749	4.162
4	2.785	3.641
5	2.586	4.661
6	1.552	1.101
7	2.107	3.365
8	1.365	4.367
9	1.647	1.69
1	1.588	4.612
2	3.1	3.787
3	2.69	4.117
4	2.759	3.727
5	2.743	4.6
6	1.506	1.176
7	2.107	3.31
8	1.444	4.409
9	1.741	1.632
1	1.494	4.571
2	3.1	3.729
3	2.613	4.078
4	2.723	3.798
5	2.854	4.551
6	1.465	1.239
7	2.151	3.174
8	1.499	4.436
9	1.824	1.583
1	1.396	4.51
2	3.098	3.669
3	2.546	4.045
4	2.668	3.843
5	3.001	4.475
6	1.43	1.291
7	2.19	3.06
8	1.564	4.467
9	1.884	1.52
1	1.309	4.46
2	3.093	3.589
3	2.486	4.018
4	2.628	3.867
5	3.131	4.411
6	1.371	1.56
7	2.214	2.964
8	1.641	4.474
9	1.958	1.434
1	1.232	4.374
2	3.118	3.448
3	2.425	3.959
4	2.617	3.862
5	3.16	4.356
6	1.334	1.802
7	2.204	2.884
8	1.74	4.449
9	2.06	1.369
1	1.124	4.302
2	3.136	3.302
3	2.374	3.869
4	2.607	3.858
5	3.164	4.301
6	1.309	1.957
7	2.198	2.832
8	1.828	4.427
9	2.181	1.296
1	1.016	4.242
2	3.124	3.195
3	2.326	3.789
4	2.594	3.821
5	3.186	4.237
6	1.292	2.134
7	2.19	2.772
8	1.884	4.424
9	2.329	1.279
1	0.99	4.155
2	3.124	3.058
3	2.275	3.707
4	2.579	3.759
5	3.184	4.173
6	1.279	2.286
7	2.226	2.683
8	1.943	4.443
9	2.478	1.286
1	0.959	4.055
2	3.137	2.93
3	2.229	3.522
4	2.605	3.681
5	3.171	4.086
6	1.258	2.421
7	2.266	2.617
8	1.996	4.491
9	2.61	1.291
1	0.931	3.972
2	3.149	2.717
3	2.191	3.33
4	2.636	3.567
5	3.16	4.013
6	1.256	2.618
7	2.304	2.564
8	2.07	4.531
9	2.691	1.309
1	0.824	3.848
2	3.159	2.539
3	2.171	3.202
4	2.663	3.45
5	3.146	3.96
6	1.237	2.799
7	2.337	2.519
8	2.162	4.565
9	2.776	1.367
1	0.729	3.725
2	3.168	2.391
3	2.147	3.031
4	2.687	3.352
5	3.093	3.922
6	1.213	2.927
7	2.359	2.491
8	2.277	4.535
9	2.856	1.415
1	0.665	3.633
2	3.174	2.307
3	2.126	2.867
4	2.663	3.25
5	3.047	3.891
6	1.279	3.108
7	2.385	2.458
8	2.413	4.502
9	2.926	1.455
1	0.564	3.528
2	3.181	2.212
3	2.107	2.73
4	2.613	3.17
5	3	3.887
6	1.375	3.26
7	2.425	2.435
8	2.533	4.474
9	2.988	1.489
1	0.498	3.406
2	3.187	2.132
3	2.04	2.578
4	2.554	3.08
5	2.933	3.894
6	1.487	3.359
7	2.46	2.415
8	2.634	4.45
9	3.043	1.602
1	0.471	3.274
2	3.14	2.014
3	1.96	2.439
4	2.523	2.987
5	2.862	3.836
6	1.586	3.442
7	2.491	2.398
8	2.73	4.422
9	3.085	1.684
1	0.492	3.054
2	3.097	1.916
3	1.894	2.351
4	2.556	2.863
5	2.799	3.787
6	1.683	3.511
7	2.52	2.399
8	2.834	4.378
9	3.15	1.8
1	0.511	2.85
2	3.068	1.855
3	1.804	2.255
4	2.585	2.67
5	2.743	3.746
6	1.817	3.556
7	2.539	2.401
8	2.905	4.349
9	3.208	1.898
1	0.524	2.705
2	3.04	1.773
3	1.717	2.179
4	2.596	2.48
5	2.66	3.707
6	1.977	3.606
7	2.562	2.403
8	2.988	4.312
9	3.258	1.979
1	0.539	2.54
2	3.018	1.699
3	1.64	2.116
4	2.573	2.359
5	2.596	3.687
6	2.117	3.649
7	2.601	2.405
8	2.994	4.268
9	3.219	2.197
1	0.544	2.399
2	2.999	1.629
3	1.569	2.064
4	2.555	2.209
5	2.498	3.676
6	2.247	3.678
7	2.636	2.42
8	2.978	4.231
9	3.193	2.369
1	0.525	2.274
2	2.96	1.571
3	1.52	2.03
4	2.543	2.081
5	2.412	3.667
6	2.343	3.774
7	2.663	2.444
8	2.97	4.186
9	3.162	2.586
1	0.556	2.12
2	2.92	1.522
3	1.401	2.056
4	2.532	1.974
5	2.33	3.663
6	2.423	3.876
7	2.669	2.521
8	2.98	4.11
9	3.134	2.767
1	0.597	1.97
2	2.884	1.496
3	1.293	2.077
4	2.499	1.835
5	2.24	3.672
6	2.476	3.942
7	2.677	2.612
8	2.986	4.052
9	3.21	2.909
1	0.625	1.859
2	2.822	1.478
3	1.195	2.095
4	2.462	1.719
5	2.162	3.631
6	2.524	4.034
7	2.684	2.697
8	2.994	3.981
9	3.308	3.025
1	0.682	1.703
2	2.767	1.464
3	1.07	2.151
4	2.437	1.676
5	2.101	3.614
6	2.55	4.126
7	2.722	2.767
8	2.915	3.921
9	3.319	3.234
1	0.781	1.49
2	2.703	1.469
3	0.952	2.171
4	2.394	1.627
5	2.009	3.614
6	2.573	4.204
7	2.766	2.826
8	2.845	3.854
9	3.326	3.376
1	0.867	1.312
2	2.627	1.466
3	0.854	2.131
4	2.344	1.586
5	1.919	3.6
6	2.578	4.265
7	2.805	2.875
8	2.775	3.781
9	3.338	3.541
1	0.944	1.164
2	2.52	1.433
3	0.737	2.084
4	2.301	1.577
5	1.837	3.584
6	2.568	4.3
7	2.812	2.953
8	2.69	3.721
9	3.354	3.691
1	1.017	1.129
2	2.436	1.424
3	0.606	2.075
4	2.263	1.59
5	1.764	3.57
6	2.558	4.341
7	2.809	3.069
8	2.62	3.675
9	3.368	3.817
1	1.067	1.128
2	2.328	1.422
3	0.481	2.076
4	2.23	1.62
5	1.716	3.554
6	2.539	4.375
7	2.806	3.166
8	2.528	3.618
9	3.394	3.942
1	1.165	1.086
2	2.234	1.42
3	0.38	2.097
4	2.208	1.639
5	1.655	3.514
6	2.513	4.403
7	2.784	3.29
8	2.447	3.484
9	3.43	4.066
1	1.254	1.13
2	2.138	1.409
3	0.314	2.168
4	2.146	1.734
5	1.6	3.477
6	2.491	4.427
7	2.743	3.422
8	2.376	3.372
9	3.454	4.145
1	1.337	1.385
2	2.036	1.391
3	0.28	2.227
4	2.058	1.935
5	1.42	3.58
6	2.433	4.469
7	2.706	3.533
8	2.313	3.278
9	3.455	4.265
1	1.405	1.363
2	1.94	1.395
3	0.239	2.31
4	1.981	2.103
5	1.262	3.666
6	2.359	4.495
7	2.678	3.603
8	2.232	3.167
9	3.43	4.389
1	1.463	1.302
2	1.826	1.388
3	0.274	2.379
4	1.913	2.244
5	1.139	3.72
6	2.271	4.524
7	2.641	3.684
8	2.174	3.089
9	3.408	4.492
1	1.54	1.237
2	1.726	1.353
3	0.305	2.437
4	1.853	2.393
5	1.095	3.752
6	2.193	4.544
7	2.579	3.782
8	2.106	2.999
9	3.389	4.579
1	1.669	1.142
2	1.637	1.323
3	0.32	2.512
4	1.78	2.58
5	1.042	3.788
6	2.078	4.548
7	2.524	3.864
8	2.033	2.938
9	3.376	4.634
1	1.783	1.063
2	1.549	1.291
3	0.306	2.616
4	1.716	2.783
5	0.995	3.818
6	1.962	4.551
7	2.476	3.933
8	1.964	2.831
9	3.361	4.698
1	1.885	0.994
2	1.461	1.258
3	0.288	2.741
4	1.663	2.949
5	0.988	3.848
6	1.832	4.582
7	2.427	3.96
8	1.903	2.687
9	3.347	4.751
1	1.975	0.987
2	1.409	1.237
3	0.272	2.849
4	1.614	3.09
5	0.982	3.877
6	1.738	4.61
7	2.359	4.003
8	1.883	2.632
9	3.335	4.795
1	2.035	0.994
2	1.346	1.214
3	0.316	2.961
4	1.563	3.216
5	0.978	3.898
6	1.625	4.641
7	2.29	4.048
8	1.848	2.548
9	3.167	4.969
1	2.12	0.999
2	1.286	1.197
3	0.274	3.138
4	1.528	3.322
5	0.974	3.909
6	1.514	4.679
7	2.229	4.049
8	1.786	2.424
9	2.982	5.115
1	2.232	0.994
2	1.233	1.182
3	0.231	3.32
4	1.522	3.441
5	0.972	3.928
6	1.384	4.745
7	2.175	4.051
8	1.709	2.321
9	2.883	5.12
1	2.335	0.984
2	1.18	1.176
3	0.244	3.454
4	1.612	3.534
5	0.97	3.959
6	1.269	4.801
7	2.128	4.052
8	1.628	2.227
9	2.765	5.125
1	2.428	0.984
2	1.129	1.177
3	0.253	3.607
4	1.65	3.655
5	0.968	3.984
6	1.215	4.819
7	2.081	4.029
8	1.541	2.129
9	2.661	5.13
1	2.509	1.012
2	1.063	1.308
3	0.256	3.735
4	1.672	3.774
5	0.982	3.997
6	1.165	4.829
7	2.026	4.003
8	1.482	2.045
9	2.577	5.07
1	2.592	1.03
2	0.992	1.465
3	0.258	3.905
4	1.691	3.886
5	1.002	4
6	1.122	4.837
7	1.978	3.98
8	1.411	1.935
9	2.502	5.019
1	2.709	1.05
2	0.95	1.616
3	0.291	4.066
4	1.732	3.952
5	1.026	4.003
6	1.083	4.853
7	1.918	3.947
8	1.327	1.76
9	2.437	4.977
1	2.811	1.067
2	0.929	1.743
3	0.378	4.169
4	1.8	4.024
5	1.06	4.005
6	1.142	4.798
7	1.858	3.914
8	1.257	1.608
9	2.361	4.915
1	2.903	1.136
2	0.902	1.864
3	0.482	4.287
4	1.838	4.108
5	1.155	3.99
6	1.195	4.752
7	1.813	3.894
8	1.198	1.491
9	2.189	4.845
1	2.968	1.229
2	0.84	2.005
3	0.581	4.384
4	1.871	4.178
5	1.249	3.973
6	1.207	4.722
7	1.775	3.854
8	1.159	1.444
9	2.038	4.786
1	2.975	1.326
2	0.815	2.096
3	0.69	4.459
4	1.904	4.233
5	1.331	3.958
6	1.208	4.688
7	1.746	3.773
8	1.111	1.389
9	1.884	4.726
1	2.836	1.578
2	0.797	2.249
3	0.786	4.553
4	1.935	4.246
5	1.386	3.948
6	1.285	4.606
7	1.72	3.692
8	1.069	1.344
9	1.762	4.631
1	2.828	1.711
2	0.786	2.377
3	0.871	4.64
4	1.973	4.26
5	1.452	3.937
6	1.353	4.538
7	1.681	3.625
8	1.04	1.334
9	1.751	4.495
1	2.9	1.759
2	0.791	2.484
3	0.872	4.702
4	1.969	4.25
5	1.537	3.954
6	1.413	4.48
7	1.631	3.568
8	1.017	1.326
9	1.747	4.32
1	2.964	1.799
2	0.777	2.619
3	0.873	4.772
4	1.931	4.222
5	1.631	3.99
6	1.563	4.33
7	1.554	3.521
8	0.998	1.319
9	1.77	4.119
1	3.004	1.84
2	0.762	2.717
3	0.875	4.831
4	1.939	4.154
5	1.714	4.021
6	1.664	4.239
7	1.502	3.49
8	1.033	1.269
9	1.821	3.897
1	3.051	1.896
2	0.74	2.834
3	1.005	4.752
4	1.983	4.059
5	1.78	4.03
6	1.785	4.149
7	1.441	3.456
8	1.075	1.213
9	1.875	3.694
1	3.092	2.076
2	0.72	2.965
3	1.151	4.652
4	2.013	3.964
5	1.866	4.033
6	1.891	4.073
7	1.442	3.356
8	1.112	1.165
9	1.928	3.519
1	3.14	2.226
2	0.702	3.104
3	1.252	4.582
4	2.031	3.851
5	1.951	4.025
6	1.984	4.007
7	1.442	3.272
8	1.166	1.103
9	1.965	3.405
1	3.193	2.352
2	0.72	3.246
3	1.297	4.538
4	1.998	3.743
5	2.026	4.029
6	2.065	3.946
7	1.443	3.202
8	1.213	1.119
9	2.01	3.276
1	3.215	2.528
2	0.736	3.38
3	1.338	4.487
4	1.969	3.653
5	2.092	4.041
6	2.12	3.906
7	1.462	3.157
8	1.255	1.193
9	2.071	3.178
1	3.224	2.657
2	0.747	3.476
3	1.463	4.351
4	1.959	3.543
5	2.233	4.051
6	2.174	3.853
7	1.485	3.106
8	1.308	1.24
9	2.206	3.123
1	3.234	2.805
2	0.759	3.585
3	1.603	4.216
4	1.964	3.418
5	2.328	4.058
6	2.251	3.72
7	1.505	3.063
8	1.377	1.287
9	2.326	3.078
1	3.249	2.981
2	0.759	3.697
3	1.756	4.083
4	1.967	3.338
5	2.441	4.065
6	2.378	3.548
7	1.547	2.966
8	1.457	1.322
9	2.439	3.04
1	3.233	3.176
2	0.749	3.81
3	1.89	3.938
4	1.98	3.216
5	2.551	4.072
6	2.489	3.404
7	1.584	2.886
8	1.527	1.355
9	2.529	3.02
1	3.191	3.369
2	0.808	3.904
3	1.98	3.845
4	2.016	3.031
5	2.682	4.039
6	2.564	3.312
7	1.617	2.819
8	1.593	1.379
9	2.633	3.001
1	3.153	3.56
2	0.854	3.957
3	2.088	3.739
4	2.024	2.887
5	2.831	3.978
6	2.563	3.126
7	1.638	2.791
8	1.666	1.397
9	2.725	2.985
1	3.122	3.688
2	0.926	4
3	2.207	3.625
4	2.017	2.777
5	2.962	3.927
6	2.536	2.997
7	1.666	2.767
8	1.743	1.41
9	2.806	2.971
1	3.07	3.85
2	1.005	4.08
3	2.312	3.511
4	2.012	2.706
5	3.055	3.887
6	2.49	2.913
7	1.694	2.77
8	1.835	1.424
9	3.079	3.053
1	3.024	3.987
2	1.072	4.166
3	2.404	3.401
4	2.007	2.53
5	3.177	3.823
6	2.449	2.843
7	1.66	2.834
8	1.915	1.46
9	3.319	3.121
1	2.972	4.114
2	1.108	4.254
3	2.442	3.31
4	1.979	2.352
5	3.285	3.77
6	2.396	2.717
7	1.612	2.903
8	1.985	1.559
9	3.481	3.165
1	2.988	4.255
2	1.18	4.327
3	2.472	3.194
4	1.947	2.195
5	3.379	3.726
6	2.334	2.605
7	1.58	2.944
8	2.064	1.641
9	3.643	3.215
1	3.003	4.369
2	1.247	4.365
3	2.539	3.056
4	1.919	2.064
5	3.463	3.689
6	2.261	2.476
7	1.541	2.995
8	2.121	1.694
9	3.786	3.257
1	3.013	4.44
2	1.348	4.387
3	2.589	2.93
4	1.857	1.936
5	3.529	3.613
6	2.187	2.369
7	1.503	3.052
8	2.203	1.738
9	3.841	3.377
1	3.038	4.521
2	1.446	4.406
3	2.625	2.807
4	1.796	1.835
5	3.533	3.554
6	2.114	2.28
7	1.47	3.099
8	2.303	1.816
9	3.848	3.522
1	3.024	4.628
2	1.537	4.435
3	2.65	2.708
4	1.723	1.721
5	3.44	3.486
6	1.982	2.258
7	1.444	3.145
8	2.416	1.918
9	3.871	3.657
1	2.977	4.753
2	1.625	4.5
3	2.688	2.595
4	1.659	1.625
5	3.344	3.43
6	1.879	2.165
7	1.417	3.19
8	2.516	2.017
9	3.948	3.75
1	2.905	4.858
2	1.716	4.519
3	2.749	2.501
4	1.603	1.545
5	3.241	3.386
6	1.819	2.052
7	1.4	3.219
8	2.632	2.099
9	4.037	3.86
1	2.861	4.921
2	1.903	4.489
3	2.813	2.367
4	1.564	1.478
5	3.114	3.359
6	1.747	1.923
7	1.379	3.241
8	2.73	2.152
9	4.114	3.952
1	2.818	4.983
2	2.067	4.463
3	2.873	2.239
4	1.478	1.535
5	3.002	3.309
6	1.684	1.803
7	1.36	3.251
8	2.805	2.269
9	4.2	4.021
1	2.779	5.035
2	2.212	4.45
3	2.901	2.034
4	1.383	1.652
5	2.927	3.271
6	1.628	1.669
7	1.302	3.26
8	2.871	2.367
9	4.284	4.079
1	2.722	5.045
2	2.334	4.447
3	2.914	1.908
4	1.326	1.724
5	2.837	3.227
6	1.57	1.557
7	1.264	3.267
8	2.929	2.45
9	4.365	4.127
1	2.672	5.054
2	2.408	4.456
3	2.916	1.779
4	1.276	1.788
5	2.745	3.204
6	1.509	1.463
7	1.238	3.27
8	2.98	2.518
9	4.424	4.157
1	2.601	5.061
2	2.424	4.488
3	2.917	1.672
4	1.232	1.844
5	2.653	3.198
6	1.467	1.405
7	1.225	3.267
8	3.026	2.576
9	4.478	4.209
1	2.544	5.065
2	2.502	4.461
3	2.919	1.626
4	1.243	1.891
5	2.572	3.192
6	1.413	1.344
7	1.21	3.264
8	3.056	2.613
9	4.484	4.296
1	2.469	5.071
2	2.626	4.381
3	2.917	1.602
4	1.232	1.941
5	2.474	3.212
6	1.382	1.327
7	1.196	3.262
8	3.051	2.759
9	4.49	4.371
1	2.403	5.075
2	2.746	4.292
3	2.909	1.581
4	1.175	2.044
5	2.33	3.25
6	1.357	1.326
7	1.15	3.26
8	3.009	2.933
9	4.496	4.434
1	2.287	5.05
2	2.861	4.197
3	2.904	1.575
4	1.133	2.121
5	2.194	3.292
6	1.326	1.332
7	1.109	3.258
8	2.956	3.096
9	4.502	4.487
1	2.132	5.004
2	2.928	4.132
3	2.897	1.573
4	1.099	2.2
5	2.066	3.335
6	1.306	1.364
7	1.081	3.257
8	2.904	3.238
9	4.506	4.516
1	2.02	4.965
2	2.983	4.048
3	2.885	1.571
4	1.069	2.316
5	1.947	3.378
6	1.283	1.416
7	1.08	3.163
8	2.869	3.316
9	4.512	4.55
1	1.935	4.951
2	3.007	3.978
3	2.854	1.589
4	1.042	2.412
5	1.841	3.36
6	1.262	1.46
7	1.091	3.019
8	2.788	3.374
9	4.522	4.572
1	1.807	4.962
2	3.033	3.897
3	2.797	1.635
4	1.011	2.506
5	1.768	3.348
6	1.243	1.528
7	1.1	2.899
8	2.716	3.422
9	4.547	4.573
1	1.695	4.97
2	3.092	3.767
3	2.732	1.692
4	1.003	2.691
5	1.682	3.331
6	1.24	1.6
7	1.079	2.778
8	2.641	3.462
9	4.568	4.575
1	1.6	4.952
2	3.132	3.656
3	2.655	1.758
4	1.017	2.846
5	1.606	3.307
6	1.274	1.672
7	1.052	2.676
8	2.54	3.496
9	4.582	4.576
